Reference:  189 apertures in outdated pre-delivery (index 0 in table below)
Comparison: 189 apertures in new pre-delivery (index 1 in table below)

                  AperName , siaf0_dx_mean , siaf0_dy_mean , siaf1_dx_mean , siaf1_dy_mean , difference_dx_mean , difference_dy_mean
            NRCA1_FULL_OSS ,      0.021213 ,      0.018763 ,      0.021213 ,      0.018763 ,          -0.000000 ,          -0.000000
            NRCA2_FULL_OSS ,      0.027538 ,      0.021597 ,      0.027538 ,      0.021597 ,          -0.000000 ,           0.000000
            NRCA3_FULL_OSS ,      0.020884 ,      0.016138 ,      0.020884 ,      0.016138 ,           0.000000 ,           0.000000
            NRCA4_FULL_OSS ,      0.027128 ,      0.015822 ,      0.027128 ,      0.015822 ,          -0.000000 ,          -0.000000
            NRCA5_FULL_OSS ,      0.010408 ,      0.008699 ,      0.010408 ,      0.008699 ,           0.000000 ,           0.000000
            NRCB1_FULL_OSS ,      0.028032 ,      0.022079 ,      0.028032 ,      0.022079 ,          -0.000000 ,           0.000000
            NRCB2_FULL_OSS ,      0.020684 ,      0.020530 ,      0.020684 ,      0.020530 ,           0.000000 ,          -0.000000
            NRCB3_FULL_OSS ,      0.027579 ,      0.016205 ,      0.027579 ,      0.016205 ,          -0.000000 ,          -0.000000
            NRCB4_FULL_OSS ,      0.021575 ,      0.016809 ,      0.021575 ,      0.016809 ,           0.000000 ,          -0.000000
            NRCB5_FULL_OSS ,      0.010371 ,      0.009079 ,      0.010371 ,      0.009079 ,          -0.000000 ,           0.000000
                NRCA1_FULL ,      0.021202 ,      0.018765 ,      0.021202 ,      0.018765 ,           0.000000 ,          -0.000000
                NRCA2_FULL ,      0.027548 ,      0.021601 ,      0.027548 ,      0.021601 ,          -0.000000 ,          -0.000000
                NRCA3_FULL ,      0.020895 ,      0.016141 ,      0.020895 ,      0.016141 ,          -0.000000 ,           0.000000
                NRCA4_FULL ,      0.027139 ,      0.015829 ,      0.027139 ,      0.015829 ,          -0.000000 ,           0.000000
                NRCA5_FULL ,      0.010405 ,      0.008701 ,      0.010405 ,      0.008701 ,           0.000000 ,          -0.000000
                NRCB1_FULL ,      0.028042 ,      0.022081 ,      0.028042 ,      0.022081 ,          -0.000000 ,          -0.000000
                NRCB2_FULL ,      0.020695 ,      0.020529 ,      0.020695 ,      0.020529 ,           0.000000 ,          -0.000000
                NRCB3_FULL ,      0.027587 ,      0.016212 ,      0.027587 ,      0.016212 ,          -0.000000 ,          -0.000000
                NRCB4_FULL ,      0.021562 ,      0.016805 ,      0.021562 ,      0.016805 ,           0.000000 ,          -0.000000
                NRCB5_FULL ,      0.010370 ,      0.009083 ,      0.010370 ,      0.009083 ,          -0.000000 ,           0.000000
               NRCB1_FULLP ,      0.028042 ,      0.022081 ,      0.028042 ,      0.022081 ,           0.000000 ,          -0.000000
               NRCB5_FULLP ,      0.010370 ,      0.009083 ,      0.010370 ,      0.009083 ,          -0.000000 ,          -0.000000
              NRCA1_SUB160 ,      0.004287 ,      0.027961 ,      0.004287 ,      0.027961 ,          -0.000000 ,           0.000000
              NRCA2_SUB160 ,      0.003070 ,      0.021367 ,      0.003070 ,      0.021367 ,           0.000000 ,          -0.000000
              NRCA3_SUB160 ,      0.007114 ,      0.024126 ,      0.007114 ,      0.024126 ,          -0.000000 ,           0.000000
              NRCA4_SUB160 ,      0.009348 ,      0.018765 ,      0.009348 ,      0.018765 ,           0.000000 ,           0.000000
              NRCA5_SUB160 ,      0.001686 ,      0.006675 ,      0.001686 ,      0.006675 ,           0.000000 ,           0.000000
              NRCB1_SUB160 ,      0.005195 ,      0.019917 ,      0.005195 ,      0.019917 ,          -0.000000 ,           0.000000
              NRCB2_SUB160 ,      0.006911 ,      0.027054 ,      0.006911 ,      0.027054 ,           0.000000 ,           0.000000
              NRCB3_SUB160 ,      0.012475 ,      0.016771 ,      0.012475 ,      0.016771 ,           0.000000 ,          -0.000000
              NRCB4_SUB160 ,      0.010137 ,      0.022899 ,      0.010137 ,      0.022899 ,           0.000000 ,          -0.000000
              NRCB5_SUB160 ,      0.003088 ,      0.005613 ,      0.003088 ,      0.005613 ,          -0.000000 ,           0.000000
              NRCA1_SUB320 ,      0.004075 ,      0.029727 ,      0.004075 ,      0.029727 ,           0.000000 ,          -0.000000
              NRCA2_SUB320 ,      0.002420 ,      0.019465 ,      0.002420 ,      0.019465 ,           0.000000 ,           0.000000
              NRCA3_SUB320 ,      0.006705 ,      0.023517 ,      0.006705 ,      0.023517 ,           0.000000 ,          -0.000000
              NRCA4_SUB320 ,      0.011468 ,      0.015974 ,      0.011468 ,      0.015974 ,           0.000000 ,          -0.000000
              NRCA5_SUB320 ,      0.002436 ,      0.006428 ,      0.002436 ,      0.006428 ,           0.000000 ,           0.000000
              NRCB1_SUB320 ,      0.003311 ,      0.017903 ,      0.003311 ,      0.017903 ,          -0.000000 ,           0.000000
              NRCB2_SUB320 ,      0.006337 ,      0.029241 ,      0.006337 ,      0.029241 ,          -0.000000 ,          -0.000000
              NRCB3_SUB320 ,      0.014724 ,      0.013779 ,      0.014724 ,      0.013779 ,          -0.000000 ,          -0.000000
              NRCB4_SUB320 ,      0.009815 ,      0.022442 ,      0.009815 ,      0.022442 ,           0.000000 ,           0.000000
              NRCB5_SUB320 ,      0.003311 ,      0.005562 ,      0.003311 ,      0.005562 ,           0.000000 ,           0.000000
              NRCA1_SUB640 ,      0.005432 ,      0.031727 ,      0.005432 ,      0.031727 ,          -0.000000 ,           0.000000
              NRCA2_SUB640 ,      0.006800 ,      0.014559 ,      0.006800 ,      0.014559 ,          -0.000000 ,          -0.000000
              NRCA3_SUB640 ,      0.004834 ,      0.020414 ,      0.004834 ,      0.020414 ,           0.000000 ,           0.000000
              NRCA4_SUB640 ,      0.016185 ,      0.010536 ,      0.016185 ,      0.010536 ,          -0.000000 ,          -0.000000
              NRCA5_SUB640 ,      0.004140 ,      0.007228 ,      0.004140 ,      0.007228 ,           0.000000 ,           0.000000
              NRCB1_SUB640 ,      0.006781 ,      0.013144 ,      0.006781 ,      0.013144 ,          -0.000000 ,          -0.000000
              NRCB2_SUB640 ,      0.006744 ,      0.032134 ,      0.006744 ,      0.032134 ,          -0.000000 ,           0.000000
              NRCB3_SUB640 ,      0.019486 ,      0.008553 ,      0.019486 ,      0.008553 ,          -0.000000 ,           0.000000
              NRCB4_SUB640 ,      0.007321 ,      0.019621 ,      0.007321 ,      0.019621 ,          -0.000000 ,          -0.000000
              NRCB5_SUB640 ,      0.004751 ,      0.007103 ,      0.004751 ,      0.007103 ,           0.000000 ,           0.000000
     NRCA5_GRISM256_F322W2 ,      0.010405 ,      0.008701 ,      0.010405 ,      0.008701 ,          -0.000000 ,          -0.000000
     NRCA5_GRISM128_F322W2 ,      0.010405 ,      0.008701 ,      0.010405 ,      0.008701 ,          -0.000000 ,          -0.000000
      NRCA5_GRISM64_F322W2 ,      0.010405 ,      0.008701 ,      0.010405 ,      0.008701 ,          -0.000000 ,          -0.000000
      NRCA5_GRISM256_F277W ,      0.010405 ,      0.008701 ,      0.010405 ,      0.008701 ,          -0.000000 ,          -0.000000
      NRCA5_GRISM128_F277W ,      0.010405 ,      0.008701 ,      0.010405 ,      0.008701 ,          -0.000000 ,          -0.000000
       NRCA5_GRISM64_F277W ,      0.010405 ,      0.008701 ,      0.010405 ,      0.008701 ,          -0.000000 ,          -0.000000
      NRCA5_GRISM256_F356W ,      0.010405 ,      0.008701 ,      0.010405 ,      0.008701 ,          -0.000000 ,          -0.000000
      NRCA5_GRISM128_F356W ,      0.010405 ,      0.008701 ,      0.010405 ,      0.008701 ,          -0.000000 ,          -0.000000
       NRCA5_GRISM64_F356W ,      0.010405 ,      0.008701 ,      0.010405 ,      0.008701 ,          -0.000000 ,          -0.000000
      NRCA5_GRISM256_F444W ,      0.010405 ,      0.008701 ,      0.010405 ,      0.008701 ,          -0.000000 ,          -0.000000
      NRCA5_GRISM128_F444W ,      0.010405 ,      0.008701 ,      0.010405 ,      0.008701 ,          -0.000000 ,          -0.000000
       NRCA5_GRISM64_F444W ,      0.010405 ,      0.008701 ,      0.010405 ,      0.008701 ,          -0.000000 ,          -0.000000
        NRCA5_GRISM_F322W2 ,      0.010405 ,      0.008701 ,      0.010405 ,      0.008701 ,           0.000000 ,           0.000000
         NRCA5_GRISM_F277W ,      0.010405 ,      0.008701 ,      0.010405 ,      0.008701 ,           0.000000 ,           0.000000
         NRCA5_GRISM_F356W ,      0.010405 ,      0.008701 ,      0.010405 ,      0.008701 ,           0.000000 ,           0.000000
         NRCA5_GRISM_F444W ,      0.010405 ,      0.008701 ,      0.010405 ,      0.008701 ,           0.000000 ,          -0.000000
             NRCA1_GRISMTS ,      0.021202 ,      0.018765 ,      0.015755 ,      0.013289 ,          -0.005446 ,          -0.005475
          NRCA1_GRISMTS256 ,      0.021202 ,      0.018765 ,      0.016357 ,      0.021432 ,          -0.004845 ,           0.002667
          NRCA1_GRISMTS128 ,      0.020506 ,      0.019655 ,      0.016182 ,      0.022652 ,          -0.004324 ,           0.002997
           NRCA1_GRISMTS64 ,      0.020302 ,      0.019895 ,      0.016160 ,      0.023030 ,          -0.004143 ,           0.003135
             NRCA3_GRISMTS ,      0.020895 ,      0.016141 ,      0.020895 ,      0.016141 ,           0.000000 ,           0.000000
          NRCA3_GRISMTS256 ,      0.020895 ,      0.016141 ,      0.020895 ,      0.016141 ,           0.000000 ,           0.000000
          NRCA3_GRISMTS128 ,      0.020134 ,      0.015693 ,      0.020134 ,      0.015693 ,           0.000000 ,           0.000000
           NRCA3_GRISMTS64 ,      0.019935 ,      0.015564 ,      0.019935 ,      0.015564 ,           0.000000 ,           0.000000
         NRCA5_TAGRISMTS32 ,      0.004828 ,      0.000487 ,      0.004828 ,      0.000487 ,          -0.000000 ,          -0.000000
NRCA5_TAGRISMTS_SCI_F322W2 ,      0.014098 ,      0.007792 ,      0.014098 ,      0.007792 ,           0.000000 ,          -0.000000
 NRCA5_TAGRISMTS_SCI_F444W ,      0.005082 ,      0.004168 ,      0.003174 ,      0.003593 ,          -0.001909 ,          -0.000575
              NRCA3_DHSPIL ,      0.020895 ,      0.016141 ,      0.020895 ,      0.016141 ,           0.000000 ,           0.000000
        NRCA3_DHSPIL_SUB96 ,      0.025131 ,      0.006699 ,      0.025131 ,      0.006699 ,           0.000000 ,          -0.000000
       NRCA3_DHSPIL_WEDGES ,      0.020895 ,      0.016141 ,      0.020895 ,      0.016141 ,           0.000000 ,           0.000000
              NRCB4_DHSPIL ,      0.021562 ,      0.016805 ,      0.021562 ,      0.016805 ,           0.000000 ,           0.000000
        NRCB4_DHSPIL_SUB96 ,      0.023221 ,      0.007312 ,      0.023221 ,      0.007312 ,           0.000000 ,          -0.000000
       NRCB4_DHSPIL_WEDGES ,      0.021562 ,      0.016805 ,      0.021562 ,      0.016805 ,           0.000000 ,           0.000000
                 NRCA3_FP1 ,      0.020895 ,      0.016141 ,      0.020895 ,      0.016141 ,          -0.000000 ,          -0.000000
            NRCA3_FP1_SUB8 ,      0.003289 ,      0.015001 ,      0.003289 ,      0.015001 ,          -0.000000 ,           0.000000
           NRCA3_FP1_SUB64 ,      0.003290 ,      0.014993 ,      0.003290 ,      0.014993 ,           0.000000 ,           0.000000
             NRCA3_FP2MIMF ,      0.020895 ,      0.016141 ,      0.020895 ,      0.016141 ,          -0.000000 ,           0.000000
             NRCA1_FP3MIMF ,      0.021202 ,      0.018765 ,      0.021202 ,      0.018765 ,          -0.000000 ,          -0.000000
             NRCA2_FP4MIMF ,      0.027548 ,      0.021601 ,      0.027548 ,      0.021601 ,           0.000000 ,          -0.000000
             NRCA4_FP5MIMF ,      0.027139 ,      0.015829 ,      0.027139 ,      0.015829 ,           0.000000 ,          -0.000000
                 NRCB4_FP1 ,      0.021562 ,      0.016805 ,      0.021562 ,      0.016805 ,          -0.000000 ,           0.000000
            NRCB4_FP1_SUB8 ,      0.009192 ,      0.022069 ,      0.009192 ,      0.022069 ,          -0.000000 ,           0.000000
           NRCB4_FP1_SUB64 ,      0.009187 ,      0.022059 ,      0.009187 ,      0.022059 ,          -0.000000 ,           0.000000
             NRCB4_FP2MIMF ,      0.021562 ,      0.016805 ,      0.021562 ,      0.016805 ,           0.000000 ,           0.000000
             NRCB2_FP3MIMF ,      0.020695 ,      0.020529 ,      0.020695 ,      0.020529 ,           0.000000 ,           0.000000
             NRCB1_FP4MIMF ,      0.028042 ,      0.022081 ,      0.028042 ,      0.022081 ,           0.000000 ,          -0.000000
             NRCB3_FP5MIMF ,      0.027587 ,      0.016212 ,      0.027587 ,      0.016212 ,           0.000000 ,          -0.000000
              NRCA3_SUB64P ,      0.002926 ,      0.008516 ,      0.002926 ,      0.008516 ,           0.000000 ,          -0.000000
             NRCA3_SUB160P ,      0.030933 ,      0.027982 ,      0.030933 ,      0.027982 ,          -0.000000 ,          -0.000000
             NRCA3_SUB400P ,      0.037180 ,      0.030850 ,      0.037180 ,      0.030850 ,           0.000000 ,          -0.000000
              NRCA5_SUB64P ,      0.000770 ,      0.001480 ,      0.000770 ,      0.001480 ,          -0.000000 ,           0.000000
             NRCA5_SUB160P ,      0.016016 ,      0.013029 ,      0.016016 ,      0.013029 ,          -0.000000 ,           0.000000
             NRCA5_SUB400P ,      0.015948 ,      0.010723 ,      0.015948 ,      0.010723 ,           0.000000 ,          -0.000000
              NRCB1_SUB64P ,      0.039869 ,      0.005042 ,      0.039869 ,      0.005042 ,          -0.000000 ,           0.000000
             NRCB1_SUB160P ,      0.042302 ,      0.006758 ,      0.042302 ,      0.006758 ,           0.000000 ,          -0.000000
             NRCB1_SUB400P ,      0.046933 ,      0.010459 ,      0.046933 ,      0.010459 ,          -0.000000 ,          -0.000000
              NRCB5_SUB64P ,      0.012689 ,      0.000990 ,      0.012689 ,      0.000990 ,           0.000000 ,           0.000000
             NRCB5_SUB160P ,      0.015024 ,      0.001946 ,      0.015024 ,      0.001946 ,           0.000000 ,           0.000000
             NRCB5_SUB400P ,      0.018463 ,      0.005920 ,      0.018463 ,      0.005920 ,          -0.000000 ,          -0.000000
           NRCB5_TAPSIMG32 ,      0.016637 ,      0.001368 ,      0.016637 ,      0.001368 ,           0.000000 ,          -0.000000
            NRCA2_MASK210R ,      0.049464 ,      0.020204 ,      0.049464 ,      0.020204 ,           0.000000 ,           0.000000
            NRCA5_MASK335R ,      0.014165 ,      0.016703 ,      0.014165 ,      0.016703 ,          -0.000000 ,           0.000000
            NRCA5_MASK430R ,      0.004323 ,      0.020227 ,      0.004323 ,      0.020227 ,           0.000000 ,          -0.000000
             NRCA4_MASKSWB ,      0.033803 ,      0.026022 ,      0.033803 ,      0.026022 ,           0.000000 ,           0.000000
             NRCA5_MASKLWB ,      0.019234 ,      0.004956 ,      0.019234 ,      0.004956 ,           0.000000 ,           0.000000
          NRCA2_TAMASK210R ,      0.052860 ,      0.005692 ,      0.052860 ,      0.005692 ,          -0.000000 ,          -0.000000
          NRCA5_TAMASK335R ,      0.019990 ,      0.008845 ,      0.019990 ,      0.008845 ,          -0.000000 ,          -0.000000
          NRCA5_TAMASK430R ,      0.007622 ,      0.015325 ,      0.007622 ,      0.015325 ,          -0.000000 ,           0.000000
           NRCA4_TAMASKSWB ,      0.020478 ,      0.026516 ,      0.020478 ,      0.026516 ,           0.000000 ,          -0.000000
           NRCA5_TAMASKLWB ,      0.018611 ,      0.000673 ,      0.018611 ,      0.000673 ,           0.000000 ,          -0.000000
          NRCA5_TAMASKLWBL ,      0.017983 ,      0.008777 ,      0.017983 ,      0.008777 ,           0.000000 ,           0.000000
          NRCA4_TAMASKSWBS ,      0.042715 ,      0.010290 ,      0.042715 ,      0.010290 ,           0.000000 ,          -0.000000
            NRCB1_MASK210R ,      0.049082 ,      0.023734 ,      0.049082 ,      0.023734 ,           0.000000 ,           0.000000
            NRCB5_MASK335R ,      0.012085 ,      0.019041 ,      0.012085 ,      0.019041 ,           0.000000 ,           0.000000
            NRCB5_MASK430R ,      0.004671 ,      0.021946 ,      0.004671 ,      0.021946 ,           0.000000 ,           0.000000
             NRCB3_MASKSWB ,      0.045044 ,      0.007652 ,      0.045044 ,      0.007652 ,           0.000000 ,           0.000000
             NRCB5_MASKLWB ,      0.015222 ,      0.016321 ,      0.015222 ,      0.016321 ,          -0.000000 ,           0.000000
          NRCB1_TAMASK210R ,      0.053936 ,      0.009541 ,      0.053936 ,      0.009541 ,          -0.000000 ,           0.000000
          NRCB5_TAMASK335R ,      0.018549 ,      0.011104 ,      0.018549 ,      0.011104 ,           0.000000 ,           0.000000
          NRCB5_TAMASK430R ,      0.005444 ,      0.017771 ,      0.005444 ,      0.017771 ,           0.000000 ,           0.000000
           NRCB3_TAMASKSWB ,      0.043599 ,      0.010073 ,      0.043599 ,      0.010073 ,          -0.000000 ,          -0.000000
           NRCB5_TAMASKLWB ,      0.009838 ,      0.017304 ,      0.009838 ,      0.017304 ,           0.000000 ,           0.000000
          NRCB5_TAMASKLWBL ,      0.018978 ,      0.009549 ,      0.018978 ,      0.009549 ,           0.000000 ,           0.000000
          NRCB3_TAMASKSWBS ,      0.044366 ,      0.010973 ,      0.044366 ,      0.010973 ,          -0.000000 ,           0.000000
        NRCA2_FSTAMASK210R ,      0.051877 ,      0.009329 ,      0.051877 ,      0.009329 ,           0.000000 ,          -0.000000
         NRCA4_FSTAMASKSWB ,      0.033978 ,      0.019641 ,      0.033978 ,      0.019641 ,           0.000000 ,           0.000000
         NRCA5_FSTAMASKLWB ,      0.019351 ,      0.004316 ,      0.019351 ,      0.004316 ,          -0.000000 ,           0.000000
        NRCA5_FSTAMASK335R ,      0.017924 ,      0.010703 ,      0.017924 ,      0.010703 ,           0.000000 ,           0.000000
        NRCA5_FSTAMASK430R ,      0.004153 ,      0.015952 ,      0.004153 ,      0.015952 ,           0.000000 ,          -0.000000
       NRCA4_MASKSWB_F182M ,      0.033800 ,      0.025997 ,      0.033800 ,      0.025997 ,           0.000000 ,           0.000000
       NRCA4_MASKSWB_F187N ,      0.033800 ,      0.025997 ,      0.033800 ,      0.025997 ,           0.000000 ,          -0.000000
       NRCA4_MASKSWB_F210M ,      0.033800 ,      0.025997 ,      0.033800 ,      0.025997 ,          -0.000000 ,           0.000000
       NRCA4_MASKSWB_F212N ,      0.033800 ,      0.025997 ,      0.033800 ,      0.025997 ,           0.000000 ,           0.000000
       NRCA4_MASKSWB_F200W ,      0.033800 ,      0.025997 ,      0.033800 ,      0.025997 ,          -0.000000 ,          -0.000000
      NRCA4_MASKSWB_NARROW ,      0.033800 ,      0.025997 ,      0.033800 ,      0.025997 ,           0.000000 ,           0.000000
       NRCA5_MASKLWB_F250M ,      0.019234 ,      0.004956 ,      0.019234 ,      0.004956 ,          -0.000000 ,          -0.000000
       NRCA5_MASKLWB_F300M ,      0.019234 ,      0.004956 ,      0.019234 ,      0.004956 ,           0.000000 ,           0.000000
       NRCA5_MASKLWB_F277W ,      0.019234 ,      0.004956 ,      0.019234 ,      0.004956 ,          -0.000000 ,          -0.000000
       NRCA5_MASKLWB_F335M ,      0.019234 ,      0.004956 ,      0.019234 ,      0.004956 ,           0.000000 ,           0.000000
       NRCA5_MASKLWB_F360M ,      0.019234 ,      0.004956 ,      0.019234 ,      0.004956 ,           0.000000 ,          -0.000000
       NRCA5_MASKLWB_F356W ,      0.019234 ,      0.004956 ,      0.019234 ,      0.004956 ,           0.000000 ,          -0.000000
       NRCA5_MASKLWB_F410M ,      0.019234 ,      0.004956 ,      0.019234 ,      0.004956 ,           0.000000 ,          -0.000000
       NRCA5_MASKLWB_F430M ,      0.019234 ,      0.004956 ,      0.019234 ,      0.004956 ,          -0.000000 ,           0.000000
       NRCA5_MASKLWB_F460M ,      0.019234 ,      0.004956 ,      0.019234 ,      0.004956 ,           0.000000 ,           0.000000
       NRCA5_MASKLWB_F480M ,      0.019234 ,      0.004956 ,      0.019234 ,      0.004956 ,           0.000000 ,          -0.000000
       NRCA5_MASKLWB_F444W ,      0.019234 ,      0.004956 ,      0.019234 ,      0.004956 ,          -0.000000 ,           0.000000
      NRCA5_MASKLWB_NARROW ,      0.019234 ,      0.004956 ,      0.019234 ,      0.004956 ,          -0.000000 ,          -0.000000
       NRCA2_FULL_MASK210R ,      0.027548 ,      0.021601 ,      0.027548 ,      0.021601 ,           0.000000 ,           0.000000
       NRCA5_FULL_MASK335R ,      0.010405 ,      0.008701 ,      0.010405 ,      0.008701 ,           0.000000 ,           0.000000
       NRCA5_FULL_MASK430R ,      0.010405 ,      0.008701 ,      0.010405 ,      0.008701 ,           0.000000 ,          -0.000000
        NRCA4_FULL_MASKSWB ,      0.027139 ,      0.015829 ,      0.027139 ,      0.015829 ,           0.000000 ,          -0.000000
  NRCA4_FULL_MASKSWB_F182M ,      0.027139 ,      0.015829 ,      0.027139 ,      0.015829 ,           0.000000 ,           0.000000
  NRCA4_FULL_MASKSWB_F187N ,      0.027139 ,      0.015829 ,      0.027139 ,      0.015829 ,           0.000000 ,          -0.000000
  NRCA4_FULL_MASKSWB_F210M ,      0.027139 ,      0.015829 ,      0.027139 ,      0.015829 ,          -0.000000 ,          -0.000000
  NRCA4_FULL_MASKSWB_F212N ,      0.027139 ,      0.015829 ,      0.027139 ,      0.015829 ,          -0.000000 ,           0.000000
  NRCA4_FULL_MASKSWB_F200W ,      0.027139 ,      0.015829 ,      0.027139 ,      0.015829 ,           0.000000 ,           0.000000
        NRCA5_FULL_MASKLWB ,      0.010405 ,      0.008701 ,      0.010405 ,      0.008701 ,          -0.000000 ,           0.000000
  NRCA5_FULL_MASKLWB_F250M ,      0.010405 ,      0.008701 ,      0.010405 ,      0.008701 ,          -0.000000 ,           0.000000
  NRCA5_FULL_MASKLWB_F300M ,      0.010405 ,      0.008701 ,      0.010405 ,      0.008701 ,          -0.000000 ,           0.000000
  NRCA5_FULL_MASKLWB_F277W ,      0.010405 ,      0.008701 ,      0.010405 ,      0.008701 ,           0.000000 ,           0.000000
  NRCA5_FULL_MASKLWB_F335M ,      0.010405 ,      0.008701 ,      0.010405 ,      0.008701 ,          -0.000000 ,          -0.000000
  NRCA5_FULL_MASKLWB_F360M ,      0.010405 ,      0.008701 ,      0.010405 ,      0.008701 ,          -0.000000 ,          -0.000000
  NRCA5_FULL_MASKLWB_F356W ,      0.010405 ,      0.008701 ,      0.010405 ,      0.008701 ,          -0.000000 ,          -0.000000
  NRCA5_FULL_MASKLWB_F410M ,      0.010405 ,      0.008701 ,      0.010405 ,      0.008701 ,          -0.000000 ,           0.000000
  NRCA5_FULL_MASKLWB_F430M ,      0.010405 ,      0.008701 ,      0.010405 ,      0.008701 ,           0.000000 ,           0.000000
  NRCA5_FULL_MASKLWB_F460M ,      0.010405 ,      0.008701 ,      0.010405 ,      0.008701 ,           0.000000 ,           0.000000
  NRCA5_FULL_MASKLWB_F480M ,      0.010405 ,      0.008701 ,      0.010405 ,      0.008701 ,           0.000000 ,          -0.000000
  NRCA5_FULL_MASKLWB_F444W ,      0.010405 ,      0.008701 ,      0.010405 ,      0.008701 ,          -0.000000 ,          -0.000000
