Reference:  429 apertures in PRDOPSSOC-072 (index 0 in table below)
Comparison: 429 apertures in pre-delivery (index 1 in table below)

                    AperName , siaf0_dx_mean , siaf0_dy_mean , siaf1_dx_mean , siaf1_dy_mean , difference_dx_mean , difference_dy_mean
              NRCA1_FULL_OSS ,      0.000092 ,      0.000068 ,      0.000092 ,      0.000068 ,           0.000000 ,           0.000000
              NRCA2_FULL_OSS ,      0.000054 ,      0.000052 ,      0.000054 ,      0.000052 ,           0.000000 ,           0.000000
              NRCA3_FULL_OSS ,      0.000057 ,      0.000157 ,      0.000057 ,      0.000157 ,           0.000000 ,           0.000000
              NRCA4_FULL_OSS ,      0.000077 ,      0.000102 ,      0.000077 ,      0.000102 ,           0.000000 ,           0.000000
              NRCA5_FULL_OSS ,      0.000276 ,      0.000167 ,      0.000276 ,      0.000167 ,           0.000000 ,           0.000000
              NRCB1_FULL_OSS ,      0.000095 ,      0.000040 ,      0.000095 ,      0.000040 ,           0.000000 ,           0.000000
              NRCB2_FULL_OSS ,      0.000126 ,      0.000071 ,      0.000126 ,      0.000071 ,           0.000000 ,           0.000000
              NRCB3_FULL_OSS ,      0.000046 ,      0.000086 ,      0.000046 ,      0.000086 ,           0.000000 ,           0.000000
              NRCB4_FULL_OSS ,      0.000083 ,      0.000153 ,      0.000083 ,      0.000153 ,           0.000000 ,           0.000000
              NRCB5_FULL_OSS ,      0.000198 ,      0.000117 ,      0.000198 ,      0.000117 ,           0.000000 ,           0.000000
                  NRCA1_FULL ,      0.000092 ,      0.000068 ,      0.000092 ,      0.000068 ,           0.000000 ,           0.000000
                  NRCA2_FULL ,      0.062284 ,      0.000224 ,      0.062284 ,      0.000224 ,           0.000000 ,           0.000000
                  NRCA3_FULL ,      0.074471 ,      0.000389 ,      0.074471 ,      0.000389 ,           0.000000 ,           0.000000
                  NRCA4_FULL ,      0.000077 ,      0.000102 ,      0.000077 ,      0.000102 ,           0.000000 ,           0.000000
                  NRCA5_FULL ,      0.022377 ,      0.000210 ,      0.022377 ,      0.000210 ,           0.000000 ,           0.000000
                  NRCB1_FULL ,      0.003148 ,      0.000041 ,      0.003148 ,      0.000041 ,           0.000000 ,           0.000000
                  NRCB2_FULL ,      0.000126 ,      0.000071 ,      0.000126 ,      0.000071 ,           0.000000 ,           0.000000
                  NRCB3_FULL ,      0.001202 ,      0.000087 ,      0.001202 ,      0.000087 ,           0.000000 ,           0.000000
                  NRCB4_FULL ,      0.000083 ,      0.000153 ,      0.000083 ,      0.000153 ,           0.000000 ,           0.000000
                  NRCB5_FULL ,      0.000198 ,      0.000117 ,      0.000198 ,      0.000117 ,           0.000000 ,           0.000000
                NRCA1_SUB160 ,      0.000067 ,      0.000169 ,      0.000067 ,      0.000169 ,           0.000000 ,           0.000000
                NRCA2_SUB160 ,      0.000104 ,      0.000012 ,      0.000104 ,      0.000012 ,           0.000000 ,           0.000000
                NRCA3_SUB160 ,      0.000178 ,      0.000371 ,      0.000178 ,      0.000371 ,           0.000000 ,           0.000000
                NRCA4_SUB160 ,      0.000132 ,      0.000247 ,      0.000132 ,      0.000247 ,           0.000000 ,           0.000000
                NRCA5_SUB160 ,      0.000012 ,      0.000018 ,      0.000012 ,      0.000018 ,           0.000000 ,           0.000000
                NRCA1_SUB320 ,      0.000086 ,      0.000083 ,      0.000086 ,      0.000083 ,           0.000000 ,           0.000000
                NRCA2_SUB320 ,      0.000084 ,      0.000021 ,      0.000084 ,      0.000021 ,           0.000000 ,           0.000000
                NRCA3_SUB320 ,      0.000117 ,      0.000164 ,      0.000117 ,      0.000164 ,           0.000000 ,           0.000000
                NRCA4_SUB320 ,      0.000116 ,      0.000109 ,      0.000116 ,      0.000109 ,           0.000000 ,           0.000000
                NRCA5_SUB320 ,      0.000030 ,      0.000033 ,      0.000030 ,      0.000033 ,           0.000000 ,           0.000000
                NRCA1_SUB640 ,      0.000073 ,      0.000077 ,      0.000073 ,      0.000077 ,           0.000000 ,           0.000000
                NRCA2_SUB640 ,      0.000051 ,      0.000031 ,      0.000051 ,      0.000031 ,           0.000000 ,           0.000000
                NRCA3_SUB640 ,      0.000072 ,      0.000159 ,      0.000072 ,      0.000159 ,           0.000000 ,           0.000000
                NRCA4_SUB640 ,      0.000068 ,      0.000112 ,      0.000068 ,      0.000112 ,           0.000000 ,           0.000000
                NRCA5_SUB640 ,      0.000086 ,      0.000067 ,      0.000086 ,      0.000067 ,           0.000000 ,           0.000000
                NRCB1_SUB160 ,      0.000104 ,      0.000057 ,      0.000104 ,      0.000057 ,           0.000000 ,           0.000000
                NRCB2_SUB160 ,      0.000228 ,      0.000055 ,      0.000228 ,      0.000055 ,           0.000000 ,           0.000000
                NRCB3_SUB160 ,      0.000040 ,      0.000091 ,      0.000040 ,      0.000091 ,           0.000000 ,           0.000000
                NRCB4_SUB160 ,      0.000131 ,      0.000427 ,      0.000131 ,      0.000427 ,           0.000000 ,           0.000000
                NRCB5_SUB160 ,      0.000011 ,      0.000009 ,      0.000011 ,      0.000009 ,           0.000000 ,           0.000000
                NRCB1_SUB320 ,      0.000104 ,      0.000039 ,      0.000104 ,      0.000039 ,           0.000000 ,           0.000000
                NRCB2_SUB320 ,      0.000217 ,      0.000064 ,      0.000217 ,      0.000064 ,           0.000000 ,           0.000000
                NRCB3_SUB320 ,      0.000050 ,      0.000093 ,      0.000050 ,      0.000093 ,           0.000000 ,           0.000000
                NRCB4_SUB320 ,      0.000135 ,      0.000243 ,      0.000135 ,      0.000243 ,           0.000000 ,           0.000000
                NRCB5_SUB320 ,      0.000026 ,      0.000017 ,      0.000026 ,      0.000017 ,           0.000000 ,           0.000000
                NRCB1_SUB640 ,      0.000091 ,      0.000031 ,      0.000091 ,      0.000031 ,           0.000000 ,           0.000000
                NRCB2_SUB640 ,      0.000143 ,      0.000046 ,      0.000143 ,      0.000046 ,           0.000000 ,           0.000000
                NRCB3_SUB640 ,      0.000041 ,      0.000059 ,      0.000041 ,      0.000059 ,           0.000000 ,           0.000000
                NRCB4_SUB640 ,      0.000094 ,      0.000165 ,      0.000094 ,      0.000165 ,           0.000000 ,           0.000000
                NRCB5_SUB640 ,      0.000072 ,      0.000033 ,      0.000072 ,      0.000033 ,           0.000000 ,           0.000000
       NRCA5_GRISM256_F322W2 ,      0.000276 ,      0.000167 ,      0.000276 ,      0.000167 ,           0.000000 ,           0.000000
       NRCA5_GRISM128_F322W2 ,      0.000276 ,      0.000167 ,      0.000276 ,      0.000167 ,           0.000000 ,           0.000000
        NRCA5_GRISM64_F322W2 ,      0.000276 ,      0.000167 ,      0.000276 ,      0.000167 ,           0.000000 ,           0.000000
        NRCA5_GRISM256_F277W ,      0.000276 ,      0.000167 ,      0.000276 ,      0.000167 ,           0.000000 ,           0.000000
        NRCA5_GRISM128_F277W ,      0.000276 ,      0.000167 ,      0.000276 ,      0.000167 ,           0.000000 ,           0.000000
         NRCA5_GRISM64_F277W ,      0.000276 ,      0.000167 ,      0.000276 ,      0.000167 ,           0.000000 ,           0.000000
        NRCA5_GRISM256_F356W ,      0.000276 ,      0.000167 ,      0.000276 ,      0.000167 ,           0.000000 ,           0.000000
        NRCA5_GRISM128_F356W ,      0.000276 ,      0.000167 ,      0.000276 ,      0.000167 ,           0.000000 ,           0.000000
         NRCA5_GRISM64_F356W ,      0.000276 ,      0.000167 ,      0.000276 ,      0.000167 ,           0.000000 ,           0.000000
        NRCA5_GRISM256_F444W ,      0.000276 ,      0.000167 ,      0.000276 ,      0.000167 ,           0.000000 ,           0.000000
        NRCA5_GRISM128_F444W ,      0.000276 ,      0.000167 ,      0.000276 ,      0.000167 ,           0.000000 ,           0.000000
         NRCA5_GRISM64_F444W ,      0.000276 ,      0.000167 ,      0.000276 ,      0.000167 ,           0.000000 ,           0.000000
          NRCA5_GRISM_F322W2 ,      0.000276 ,      0.000167 ,      0.000276 ,      0.000167 ,           0.000000 ,           0.000000
           NRCA5_GRISM_F277W ,      0.000276 ,      0.000167 ,      0.000276 ,      0.000167 ,           0.000000 ,           0.000000
           NRCA5_GRISM_F356W ,      0.000276 ,      0.000167 ,      0.000276 ,      0.000167 ,           0.000000 ,           0.000000
           NRCA5_GRISM_F444W ,      0.000276 ,      0.000167 ,      0.000276 ,      0.000167 ,           0.000000 ,           0.000000
               NRCA1_GRISMTS ,      0.000092 ,      0.000068 ,      0.000092 ,      0.000068 ,           0.000000 ,           0.000000
            NRCA1_GRISMTS256 ,      0.000092 ,      0.000068 ,      0.000092 ,      0.000068 ,           0.000000 ,           0.000000
            NRCA1_GRISMTS128 ,      0.000116 ,      0.000088 ,      0.000116 ,      0.000088 ,           0.000000 ,           0.000000
             NRCA1_GRISMTS64 ,      0.000132 ,      0.000102 ,      0.000132 ,      0.000102 ,           0.000000 ,           0.000000
               NRCA3_GRISMTS ,      0.000057 ,      0.000157 ,      0.000057 ,      0.000157 ,           0.000000 ,           0.000000
            NRCA3_GRISMTS256 ,      0.000057 ,      0.000157 ,      0.000057 ,      0.000157 ,           0.000000 ,           0.000000
            NRCA3_GRISMTS128 ,      0.000064 ,      0.000186 ,      0.000064 ,      0.000186 ,           0.000000 ,           0.000000
             NRCA3_GRISMTS64 ,      0.000070 ,      0.000210 ,      0.000070 ,      0.000210 ,           0.000000 ,           0.000000
           NRCA5_TAGRISMTS32 ,      0.000271 ,      0.000213 ,      0.000271 ,      0.000213 ,           0.000000 ,           0.000000
     NRCA5_TAGRISMTS32_F405N ,      0.000271 ,      0.000213 ,      0.000271 ,      0.000213 ,           0.000000 ,           0.000000
  NRCA5_TAGRISMTS_SCI_F322W2 ,      0.000234 ,      0.000159 ,      0.000234 ,      0.000159 ,           0.000000 ,           0.000000
   NRCA5_TAGRISMTS_SCI_F444W ,      0.000245 ,      0.000014 ,      0.000245 ,      0.000014 ,           0.000000 ,           0.000000
       NRCB5_GRISM256_F322W2 ,      0.046095 ,      0.018231 ,      0.046095 ,      0.018231 ,           0.000000 ,           0.000000
       NRCB5_GRISM128_F322W2 ,      0.059829 ,      0.022496 ,      0.059829 ,      0.022496 ,           0.000000 ,           0.000000
        NRCB5_GRISM64_F322W2 ,      0.067647 ,      0.025202 ,      0.067647 ,      0.025202 ,           0.000000 ,           0.000000
            NRCB2_GRISMTS256 ,      0.000126 ,      0.000071 ,      0.000126 ,      0.000071 ,           0.000000 ,           0.000000
            NRCB2_GRISMTS128 ,      0.000143 ,      0.000084 ,      0.000143 ,      0.000084 ,           0.000000 ,           0.000000
             NRCB2_GRISMTS64 ,      0.000158 ,      0.000094 ,      0.000158 ,      0.000094 ,           0.000000 ,           0.000000
            NRCB4_GRISMTS256 ,      0.000083 ,      0.000153 ,      0.000083 ,      0.000153 ,           0.000000 ,           0.000000
            NRCB4_GRISMTS128 ,      0.000095 ,      0.000181 ,      0.000095 ,      0.000181 ,           0.000000 ,           0.000000
             NRCB4_GRISMTS64 ,      0.000104 ,      0.000200 ,      0.000104 ,      0.000200 ,           0.000000 ,           0.000000
             NRCA5_TADHSTS32 ,      0.000069 ,      0.000017 ,      0.000069 ,      0.000017 ,           0.000000 ,           0.000000
       NRCA5_TADHSTS32_F405N ,      0.000069 ,      0.000016 ,      0.000069 ,      0.000016 ,           0.000000 ,           0.000000
    NRCA5_TADHSTS_SCI_F322W2 ,      0.000182 ,      0.000113 ,      0.000182 ,      0.000113 ,           0.000000 ,           0.000000
     NRCA5_TADHSTS_SCI_F444W ,      0.000014 ,      0.000031 ,      0.000014 ,      0.000031 ,           0.000000 ,           0.000000
   NRCA5_41STRIPE1_DHS_F444W ,      0.004384 ,      0.006202 ,      0.004384 ,      0.006202 ,           0.000000 ,           0.000000
   NRCA5_82STRIPE2_DHS_F444W ,      0.004384 ,      0.006202 ,      0.004384 ,      0.006202 ,           0.000000 ,           0.000000
  NRCA5_164STRIPE4_DHS_F444W ,      0.004384 ,      0.006202 ,      0.004384 ,      0.006202 ,           0.000000 ,           0.000000
  NRCA5_260STRIPE4_DHS_F444W ,      0.004236 ,      0.005990 ,      0.004236 ,      0.005990 ,           0.000000 ,           0.000000
   NRCA4_41STRIPE1_DHS_F444W ,      0.000077 ,      0.000102 ,      0.000077 ,      0.000102 ,           0.000000 ,           0.000000
   NRCA4_82STRIPE2_DHS_F444W ,      0.000077 ,      0.000102 ,      0.000077 ,      0.000102 ,           0.000000 ,           0.000000
  NRCA4_164STRIPE4_DHS_F444W ,      0.000077 ,      0.000102 ,      0.000077 ,      0.000102 ,           0.000000 ,           0.000000
  NRCA4_260STRIPE4_DHS_F444W ,      0.000077 ,      0.000102 ,      0.000077 ,      0.000102 ,           0.000000 ,           0.000000
   NRCA2_41STRIPE1_DHS_F444W ,      0.000054 ,      0.000052 ,      0.000054 ,      0.000052 ,           0.000000 ,           0.000000
   NRCA2_82STRIPE2_DHS_F444W ,      0.000054 ,      0.000052 ,      0.000054 ,      0.000052 ,           0.000000 ,           0.000000
  NRCA2_164STRIPE4_DHS_F444W ,      0.000054 ,      0.000052 ,      0.000054 ,      0.000052 ,           0.000000 ,           0.000000
  NRCA2_260STRIPE4_DHS_F444W ,      0.000054 ,      0.000052 ,      0.000054 ,      0.000052 ,           0.000000 ,           0.000000
   NRCA1_41STRIPE1_DHS_F444W ,      0.273104 ,      0.275841 ,      0.273104 ,      0.275841 ,           0.000000 ,           0.000000
   NRCA1_82STRIPE2_DHS_F444W ,      0.273104 ,      0.275841 ,      0.273104 ,      0.275841 ,           0.000000 ,           0.000000
  NRCA1_164STRIPE4_DHS_F444W ,      0.273104 ,      0.275841 ,      0.273104 ,      0.275841 ,           0.000000 ,           0.000000
  NRCA1_260STRIPE4_DHS_F444W ,      0.256602 ,      0.258785 ,      0.256602 ,      0.258785 ,           0.000000 ,           0.000000
   NRCA3_41STRIPE1_DHS_F444W ,      0.054954 ,      0.363626 ,      0.054954 ,      0.363626 ,           0.000000 ,           0.000000
   NRCA3_82STRIPE2_DHS_F444W ,      0.054954 ,      0.363626 ,      0.054954 ,      0.363626 ,           0.000000 ,           0.000000
  NRCA3_164STRIPE4_DHS_F444W ,      0.054954 ,      0.363626 ,      0.054954 ,      0.363626 ,           0.000000 ,           0.000000
  NRCA3_260STRIPE4_DHS_F444W ,      0.051395 ,      0.341347 ,      0.051395 ,      0.341347 ,           0.000000 ,           0.000000
  NRCA5_41STRIPE1_DHS_F322W2 ,      0.004384 ,      0.006202 ,      0.004384 ,      0.006202 ,           0.000000 ,           0.000000
  NRCA5_82STRIPE2_DHS_F322W2 ,      0.004384 ,      0.006202 ,      0.004384 ,      0.006202 ,           0.000000 ,           0.000000
 NRCA5_164STRIPE4_DHS_F322W2 ,      0.004384 ,      0.006202 ,      0.004384 ,      0.006202 ,           0.000000 ,           0.000000
 NRCA5_260STRIPE4_DHS_F322W2 ,      0.004236 ,      0.005990 ,      0.004236 ,      0.005990 ,           0.000000 ,           0.000000
  NRCA4_41STRIPE1_DHS_F322W2 ,      0.000077 ,      0.000102 ,      0.000077 ,      0.000102 ,           0.000000 ,           0.000000
  NRCA4_82STRIPE2_DHS_F322W2 ,      0.000077 ,      0.000102 ,      0.000077 ,      0.000102 ,           0.000000 ,           0.000000
 NRCA4_164STRIPE4_DHS_F322W2 ,      0.000077 ,      0.000102 ,      0.000077 ,      0.000102 ,           0.000000 ,           0.000000
 NRCA4_260STRIPE4_DHS_F322W2 ,      0.000077 ,      0.000102 ,      0.000077 ,      0.000102 ,           0.000000 ,           0.000000
  NRCA2_41STRIPE1_DHS_F322W2 ,      0.000054 ,      0.000052 ,      0.000054 ,      0.000052 ,           0.000000 ,           0.000000
  NRCA2_82STRIPE2_DHS_F322W2 ,      0.000054 ,      0.000052 ,      0.000054 ,      0.000052 ,           0.000000 ,           0.000000
 NRCA2_164STRIPE4_DHS_F322W2 ,      0.000054 ,      0.000052 ,      0.000054 ,      0.000052 ,           0.000000 ,           0.000000
 NRCA2_260STRIPE4_DHS_F322W2 ,      0.000054 ,      0.000052 ,      0.000054 ,      0.000052 ,           0.000000 ,           0.000000
  NRCA1_41STRIPE1_DHS_F322W2 ,      0.273104 ,      0.275841 ,      0.273104 ,      0.275841 ,           0.000000 ,           0.000000
  NRCA1_82STRIPE2_DHS_F322W2 ,      0.273104 ,      0.275841 ,      0.273104 ,      0.275841 ,           0.000000 ,           0.000000
 NRCA1_164STRIPE4_DHS_F322W2 ,      0.273104 ,      0.275841 ,      0.273104 ,      0.275841 ,           0.000000 ,           0.000000
 NRCA1_260STRIPE4_DHS_F322W2 ,      0.256602 ,      0.258785 ,      0.256602 ,      0.258785 ,           0.000000 ,           0.000000
  NRCA3_41STRIPE1_DHS_F322W2 ,      0.054954 ,      0.363626 ,      0.054954 ,      0.363626 ,           0.000000 ,           0.000000
  NRCA3_82STRIPE2_DHS_F322W2 ,      0.054954 ,      0.363626 ,      0.054954 ,      0.363626 ,           0.000000 ,           0.000000
 NRCA3_164STRIPE4_DHS_F322W2 ,      0.054954 ,      0.363626 ,      0.054954 ,      0.363626 ,           0.000000 ,           0.000000
 NRCA3_260STRIPE4_DHS_F322W2 ,      0.051395 ,      0.341347 ,      0.051395 ,      0.341347 ,           0.000000 ,           0.000000
                NRCA3_DHSPIL ,      0.000057 ,      0.000157 ,      0.000057 ,      0.000157 ,           0.000000 ,           0.000000
          NRCA3_DHSPIL_SUB96 ,      0.000017 ,      0.000015 ,      0.000017 ,      0.000015 ,           0.000000 ,           0.000000
         NRCA3_DHSPIL_WEDGES ,      0.000057 ,      0.000157 ,      0.000057 ,      0.000157 ,           0.000000 ,           0.000000
                   NRCA3_FP1 ,      0.000057 ,      0.000157 ,      0.000057 ,      0.000157 ,           0.000000 ,           0.000000
              NRCA3_FP1_SUB8 ,      0.000053 ,      0.000023 ,      0.000053 ,      0.000023 ,           0.000000 ,           0.000000
             NRCA3_FP1_SUB64 ,      0.000052 ,      0.000023 ,      0.000052 ,      0.000023 ,           0.000000 ,           0.000000
               NRCA3_FP2MIMF ,      0.000057 ,      0.000157 ,      0.000057 ,      0.000157 ,           0.000000 ,           0.000000
               NRCA1_FP3MIMF ,      0.000092 ,      0.000068 ,      0.000092 ,      0.000068 ,           0.000000 ,           0.000000
               NRCA2_FP4MIMF ,      0.000054 ,      0.000052 ,      0.000054 ,      0.000052 ,           0.000000 ,           0.000000
               NRCA4_FP5MIMF ,      0.000077 ,      0.000102 ,      0.000077 ,      0.000102 ,           0.000000 ,           0.000000
                   NRCA1_FP6 ,      0.000092 ,      0.000068 ,      0.000092 ,      0.000068 ,           0.000000 ,           0.000000
              NRCA1_FP6_SUB8 ,      0.000135 ,      0.000028 ,      0.000135 ,      0.000028 ,           0.000000 ,           0.000000
             NRCA1_FP6_SUB64 ,      0.000133 ,      0.000027 ,      0.000133 ,      0.000027 ,           0.000000 ,           0.000000
                NRCB4_DHSPIL ,      0.000083 ,      0.000153 ,      0.000083 ,      0.000153 ,           0.000000 ,           0.000000
          NRCB4_DHSPIL_SUB96 ,      0.000006 ,      0.000004 ,      0.000006 ,      0.000004 ,           0.000000 ,           0.000000
         NRCB4_DHSPIL_WEDGES ,      0.000083 ,      0.000153 ,      0.000083 ,      0.000153 ,           0.000000 ,           0.000000
                   NRCB4_FP1 ,      0.000083 ,      0.000153 ,      0.000083 ,      0.000153 ,           0.000000 ,           0.000000
              NRCB4_FP1_SUB8 ,      0.000130 ,      0.000183 ,      0.000130 ,      0.000183 ,           0.000000 ,           0.000000
             NRCB4_FP1_SUB64 ,      0.000128 ,      0.000180 ,      0.000128 ,      0.000180 ,           0.000000 ,           0.000000
               NRCB4_FP2MIMF ,      0.000083 ,      0.000153 ,      0.000083 ,      0.000153 ,           0.000000 ,           0.000000
               NRCB2_FP3MIMF ,      0.000126 ,      0.000071 ,      0.000126 ,      0.000071 ,           0.000000 ,           0.000000
               NRCB1_FP4MIMF ,      0.000095 ,      0.000040 ,      0.000095 ,      0.000040 ,           0.000000 ,           0.000000
               NRCB3_FP5MIMF ,      0.000046 ,      0.000086 ,      0.000046 ,      0.000086 ,           0.000000 ,           0.000000
                NRCA3_SUB64P ,      0.000019 ,      0.000040 ,      0.000019 ,      0.000040 ,           0.000000 ,           0.000000
               NRCA3_SUB160P ,      0.000192 ,      0.000383 ,      0.000192 ,      0.000383 ,           0.000000 ,           0.000000
               NRCA3_SUB400P ,      0.000112 ,      0.000169 ,      0.000112 ,      0.000169 ,           0.000000 ,           0.000000
                NRCA4_SUB64P ,      0.000127 ,      0.000010 ,      0.000127 ,      0.000010 ,           0.000000 ,           0.000000
               NRCA4_SUB160P ,      0.000116 ,      0.000018 ,      0.000116 ,      0.000018 ,           0.000000 ,           0.000000
               NRCA4_SUB400P ,      0.000098 ,      0.000089 ,      0.000098 ,      0.000089 ,           0.000000 ,           0.000000
                NRCA5_SUB64P ,      0.000413 ,      0.000124 ,      0.000413 ,      0.000124 ,           0.000000 ,           0.000000
               NRCA5_SUB160P ,      0.000446 ,      0.000151 ,      0.000446 ,      0.000151 ,           0.000000 ,           0.000000
               NRCA5_SUB400P ,      0.000289 ,      0.000124 ,      0.000289 ,      0.000124 ,           0.000000 ,           0.000000
                NRCB1_SUB64P ,      0.000136 ,      0.000038 ,      0.000136 ,      0.000038 ,           0.000000 ,           0.000000
               NRCB1_SUB160P ,      0.000121 ,      0.000033 ,      0.000121 ,      0.000033 ,           0.000000 ,           0.000000
               NRCB1_SUB400P ,      0.000099 ,      0.000034 ,      0.000099 ,      0.000034 ,           0.000000 ,           0.000000
                NRCB5_SUB64P ,      0.000326 ,      0.000027 ,      0.000326 ,      0.000027 ,           0.000000 ,           0.000000
               NRCB5_SUB160P ,      0.000323 ,      0.000065 ,      0.000323 ,      0.000065 ,           0.000000 ,           0.000000
               NRCB5_SUB400P ,      0.000136 ,      0.000084 ,      0.000136 ,      0.000084 ,           0.000000 ,           0.000000
                 NRCB1_FULLP ,      0.000095 ,      0.000040 ,      0.000095 ,      0.000040 ,           0.000000 ,           0.000000
                 NRCB5_FULLP ,      0.000198 ,      0.000117 ,      0.000198 ,      0.000117 ,           0.000000 ,           0.000000
             NRCB5_TAPSIMG32 ,      0.000088 ,      0.000099 ,      0.000088 ,      0.000099 ,           0.000000 ,           0.000000
       NRCB5_TAPSIMG32_F405N ,      0.000088 ,      0.000099 ,      0.000088 ,      0.000099 ,           0.000000 ,           0.000000
        NRCA1_FULL_WEDGE_RND ,      0.000102 ,      0.000086 ,      0.000102 ,      0.000086 ,           0.000000 ,           0.000000
        NRCA2_FULL_WEDGE_RND ,      0.001797 ,      0.002434 ,      0.001797 ,      0.002434 ,           0.000000 ,           0.000000
        NRCA3_FULL_WEDGE_RND ,      0.013968 ,      0.000113 ,      0.013968 ,      0.000113 ,           0.000000 ,           0.000000
        NRCA4_FULL_WEDGE_RND ,      0.397473 ,      0.005094 ,      0.397473 ,      0.005094 ,           0.000000 ,           0.000000
        NRCA5_FULL_WEDGE_RND ,      0.057380 ,      0.001152 ,      0.057380 ,      0.001152 ,           0.000000 ,           0.000000
        NRCA1_FULL_WEDGE_BAR ,      0.000084 ,      0.000124 ,      0.000084 ,      0.000124 ,           0.000000 ,           0.000000
        NRCA2_FULL_WEDGE_BAR ,      0.001907 ,      0.004155 ,      0.001907 ,      0.004155 ,           0.000000 ,           0.000000
        NRCA3_FULL_WEDGE_BAR ,      0.015170 ,      0.000181 ,      0.015170 ,      0.000181 ,           0.000000 ,           0.000000
        NRCA4_FULL_WEDGE_BAR ,      0.315768 ,      0.006275 ,      0.315768 ,      0.006275 ,           0.000000 ,           0.000000
        NRCA5_FULL_WEDGE_BAR ,      0.005417 ,      0.001580 ,      0.005417 ,      0.001580 ,           0.000000 ,           0.000000
              NRCA2_MASK210R ,      0.001822 ,      0.700722 ,      0.001822 ,      0.700722 ,           0.000000 ,           0.000000
              NRCA5_MASK210R ,      0.002516 ,      0.449711 ,      0.002516 ,      0.449711 ,           0.000000 ,           0.000000
         NRCA2_FULL_MASK210R ,      0.002614 ,      0.699577 ,      0.002614 ,      0.699577 ,           0.000000 ,           0.000000
         NRCA5_FULL_MASK210R ,      0.003753 ,      0.448879 ,      0.003753 ,      0.448879 ,           0.000000 ,           0.000000
              NRCA5_MASK335R ,      0.001228 ,      0.450321 ,      0.001228 ,      0.450321 ,           0.000000 ,           0.000000
              NRCA2_MASK335R ,      0.003524 ,      0.700646 ,      0.003524 ,      0.700646 ,           0.000000 ,           0.000000
         NRCA5_FULL_MASK335R ,      0.003753 ,      0.448879 ,      0.003753 ,      0.448879 ,           0.000000 ,           0.000000
         NRCA2_FULL_MASK335R ,      0.002614 ,      0.699577 ,      0.002614 ,      0.699577 ,           0.000000 ,           0.000000
              NRCA5_MASK430R ,      0.002623 ,      0.449980 ,      0.002623 ,      0.449980 ,           0.000000 ,           0.000000
              NRCA2_MASK430R ,      0.002487 ,      0.698267 ,      0.002487 ,      0.698267 ,           0.000000 ,           0.000000
         NRCA5_FULL_MASK430R ,      0.003753 ,      0.448879 ,      0.003753 ,      0.448879 ,           0.000000 ,           0.000000
         NRCA2_FULL_MASK430R ,      0.002614 ,      0.699577 ,      0.002614 ,      0.699577 ,           0.000000 ,           0.000000
               NRCA4_MASKSWB ,      0.002931 ,      0.699635 ,      0.002931 ,      0.699635 ,           0.000000 ,           0.000000
               NRCA5_MASKSWB ,      0.005546 ,      0.448953 ,      0.005546 ,      0.448953 ,           0.000000 ,           0.000000
          NRCA4_FULL_MASKSWB ,      0.003348 ,      0.700005 ,      0.003348 ,      0.700005 ,           0.000000 ,           0.000000
          NRCA5_FULL_MASKSWB ,      0.005750 ,      0.448945 ,      0.005750 ,      0.448945 ,           0.000000 ,           0.000000
         NRCA4_MASKSWB_F182M ,      0.002931 ,      0.699635 ,      0.002931 ,      0.699635 ,           0.000000 ,           0.000000
         NRCA5_MASKSWB_F182M ,      0.005546 ,      0.448953 ,      0.005546 ,      0.448953 ,           0.000000 ,           0.000000
    NRCA4_FULL_MASKSWB_F182M ,      0.003348 ,      0.700005 ,      0.003348 ,      0.700005 ,           0.000000 ,           0.000000
    NRCA5_FULL_MASKSWB_F182M ,      0.005750 ,      0.448945 ,      0.005750 ,      0.448945 ,           0.000000 ,           0.000000
         NRCA4_MASKSWB_F187N ,      0.002931 ,      0.699635 ,      0.002931 ,      0.699635 ,           0.000000 ,           0.000000
         NRCA5_MASKSWB_F187N ,      0.005546 ,      0.448953 ,      0.005546 ,      0.448953 ,           0.000000 ,           0.000000
    NRCA4_FULL_MASKSWB_F187N ,      0.003348 ,      0.700005 ,      0.003348 ,      0.700005 ,           0.000000 ,           0.000000
    NRCA5_FULL_MASKSWB_F187N ,      0.005750 ,      0.448945 ,      0.005750 ,      0.448945 ,           0.000000 ,           0.000000
         NRCA4_MASKSWB_F210M ,      0.002931 ,      0.699635 ,      0.002931 ,      0.699635 ,           0.000000 ,           0.000000
         NRCA5_MASKSWB_F210M ,      0.005546 ,      0.448953 ,      0.005546 ,      0.448953 ,           0.000000 ,           0.000000
    NRCA4_FULL_MASKSWB_F210M ,      0.003348 ,      0.700005 ,      0.003348 ,      0.700005 ,           0.000000 ,           0.000000
    NRCA5_FULL_MASKSWB_F210M ,      0.005750 ,      0.448945 ,      0.005750 ,      0.448945 ,           0.000000 ,           0.000000
         NRCA4_MASKSWB_F212N ,      0.002931 ,      0.699635 ,      0.002931 ,      0.699635 ,           0.000000 ,           0.000000
         NRCA5_MASKSWB_F212N ,      0.005546 ,      0.448953 ,      0.005546 ,      0.448953 ,           0.000000 ,           0.000000
    NRCA4_FULL_MASKSWB_F212N ,      0.003348 ,      0.700005 ,      0.003348 ,      0.700005 ,           0.000000 ,           0.000000
    NRCA5_FULL_MASKSWB_F212N ,      0.005750 ,      0.448945 ,      0.005750 ,      0.448945 ,           0.000000 ,           0.000000
         NRCA4_MASKSWB_F200W ,      0.002931 ,      0.699635 ,      0.002931 ,      0.699635 ,           0.000000 ,           0.000000
         NRCA5_MASKSWB_F200W ,      0.005546 ,      0.448953 ,      0.005546 ,      0.448953 ,           0.000000 ,           0.000000
    NRCA4_FULL_MASKSWB_F200W ,      0.003348 ,      0.700005 ,      0.003348 ,      0.700005 ,           0.000000 ,           0.000000
    NRCA5_FULL_MASKSWB_F200W ,      0.005750 ,      0.448945 ,      0.005750 ,      0.448945 ,           0.000000 ,           0.000000
        NRCA4_MASKSWB_NARROW ,      0.002931 ,      0.699635 ,      0.002931 ,      0.699635 ,           0.000000 ,           0.000000
        NRCA5_MASKSWB_NARROW ,      0.005546 ,      0.448953 ,      0.005546 ,      0.448953 ,           0.000000 ,           0.000000
   NRCA4_FULL_MASKSWB_NARROW ,      0.003348 ,      0.700005 ,      0.003348 ,      0.700005 ,           0.000000 ,           0.000000
   NRCA5_FULL_MASKSWB_NARROW ,      0.005750 ,      0.448945 ,      0.005750 ,      0.448945 ,           0.000000 ,           0.000000
       NRCA5_400X256_MASKLWB ,      0.003358 ,      0.446509 ,      0.003358 ,      0.446509 ,           0.000000 ,           0.000000
       NRCA4_400X256_MASKLWB ,      0.002292 ,      0.705004 ,      0.002292 ,      0.705004 ,           0.000000 ,           0.000000
          NRCA5_FULL_MASKLWB ,      0.005750 ,      0.448945 ,      0.005750 ,      0.448945 ,           0.000000 ,           0.000000
          NRCA4_FULL_MASKLWB ,      0.003348 ,      0.700005 ,      0.003348 ,      0.700005 ,           0.000000 ,           0.000000
 NRCA5_400X256_MASKLWB_F250M ,      0.003358 ,      0.446509 ,      0.003358 ,      0.446509 ,           0.000000 ,           0.000000
 NRCA4_400X256_MASKLWB_F250M ,      0.002292 ,      0.705004 ,      0.002292 ,      0.705004 ,           0.000000 ,           0.000000
    NRCA5_FULL_MASKLWB_F250M ,      0.005750 ,      0.448945 ,      0.005750 ,      0.448945 ,           0.000000 ,           0.000000
    NRCA4_FULL_MASKLWB_F250M ,      0.003348 ,      0.700005 ,      0.003348 ,      0.700005 ,           0.000000 ,           0.000000
 NRCA5_400X256_MASKLWB_F300M ,      0.003358 ,      0.446509 ,      0.003358 ,      0.446509 ,           0.000000 ,           0.000000
 NRCA4_400X256_MASKLWB_F300M ,      0.002292 ,      0.705004 ,      0.002292 ,      0.705004 ,           0.000000 ,           0.000000
    NRCA5_FULL_MASKLWB_F300M ,      0.005750 ,      0.448945 ,      0.005750 ,      0.448945 ,           0.000000 ,           0.000000
    NRCA4_FULL_MASKLWB_F300M ,      0.003348 ,      0.700005 ,      0.003348 ,      0.700005 ,           0.000000 ,           0.000000
 NRCA5_400X256_MASKLWB_F277W ,      0.003358 ,      0.446509 ,      0.003358 ,      0.446509 ,           0.000000 ,           0.000000
 NRCA4_400X256_MASKLWB_F277W ,      0.002292 ,      0.705004 ,      0.002292 ,      0.705004 ,           0.000000 ,           0.000000
    NRCA5_FULL_MASKLWB_F277W ,      0.005750 ,      0.448945 ,      0.005750 ,      0.448945 ,           0.000000 ,           0.000000
    NRCA4_FULL_MASKLWB_F277W ,      0.003348 ,      0.700005 ,      0.003348 ,      0.700005 ,           0.000000 ,           0.000000
 NRCA5_400X256_MASKLWB_F335M ,      0.003358 ,      0.446509 ,      0.003358 ,      0.446509 ,           0.000000 ,           0.000000
 NRCA4_400X256_MASKLWB_F335M ,      0.002292 ,      0.705004 ,      0.002292 ,      0.705004 ,           0.000000 ,           0.000000
    NRCA5_FULL_MASKLWB_F335M ,      0.005750 ,      0.448945 ,      0.005750 ,      0.448945 ,           0.000000 ,           0.000000
    NRCA4_FULL_MASKLWB_F335M ,      0.003348 ,      0.700005 ,      0.003348 ,      0.700005 ,           0.000000 ,           0.000000
 NRCA5_400X256_MASKLWB_F360M ,      0.003358 ,      0.446509 ,      0.003358 ,      0.446509 ,           0.000000 ,           0.000000
 NRCA4_400X256_MASKLWB_F360M ,      0.002292 ,      0.705004 ,      0.002292 ,      0.705004 ,           0.000000 ,           0.000000
    NRCA5_FULL_MASKLWB_F360M ,      0.005750 ,      0.448945 ,      0.005750 ,      0.448945 ,           0.000000 ,           0.000000
    NRCA4_FULL_MASKLWB_F360M ,      0.003348 ,      0.700005 ,      0.003348 ,      0.700005 ,           0.000000 ,           0.000000
 NRCA5_400X256_MASKLWB_F356W ,      0.003358 ,      0.446509 ,      0.003358 ,      0.446509 ,           0.000000 ,           0.000000
 NRCA4_400X256_MASKLWB_F356W ,      0.002292 ,      0.705004 ,      0.002292 ,      0.705004 ,           0.000000 ,           0.000000
    NRCA5_FULL_MASKLWB_F356W ,      0.005750 ,      0.448945 ,      0.005750 ,      0.448945 ,           0.000000 ,           0.000000
    NRCA4_FULL_MASKLWB_F356W ,      0.003348 ,      0.700005 ,      0.003348 ,      0.700005 ,           0.000000 ,           0.000000
 NRCA5_400X256_MASKLWB_F410M ,      0.003358 ,      0.446509 ,      0.003358 ,      0.446509 ,           0.000000 ,           0.000000
 NRCA4_400X256_MASKLWB_F410M ,      0.002292 ,      0.705004 ,      0.002292 ,      0.705004 ,           0.000000 ,           0.000000
    NRCA5_FULL_MASKLWB_F410M ,      0.005750 ,      0.448945 ,      0.005750 ,      0.448945 ,           0.000000 ,           0.000000
    NRCA4_FULL_MASKLWB_F410M ,      0.003348 ,      0.700005 ,      0.003348 ,      0.700005 ,           0.000000 ,           0.000000
 NRCA5_400X256_MASKLWB_F430M ,      0.003358 ,      0.446509 ,      0.003358 ,      0.446509 ,           0.000000 ,           0.000000
 NRCA4_400X256_MASKLWB_F430M ,      0.002292 ,      0.705004 ,      0.002292 ,      0.705004 ,           0.000000 ,           0.000000
    NRCA5_FULL_MASKLWB_F430M ,      0.005750 ,      0.448945 ,      0.005750 ,      0.448945 ,           0.000000 ,           0.000000
    NRCA4_FULL_MASKLWB_F430M ,      0.003348 ,      0.700005 ,      0.003348 ,      0.700005 ,           0.000000 ,           0.000000
 NRCA5_400X256_MASKLWB_F460M ,      0.003358 ,      0.446509 ,      0.003358 ,      0.446509 ,           0.000000 ,           0.000000
 NRCA4_400X256_MASKLWB_F460M ,      0.002292 ,      0.705004 ,      0.002292 ,      0.705004 ,           0.000000 ,           0.000000
    NRCA5_FULL_MASKLWB_F460M ,      0.005750 ,      0.448945 ,      0.005750 ,      0.448945 ,           0.000000 ,           0.000000
    NRCA4_FULL_MASKLWB_F460M ,      0.003348 ,      0.700005 ,      0.003348 ,      0.700005 ,           0.000000 ,           0.000000
 NRCA5_400X256_MASKLWB_F480M ,      0.003358 ,      0.446509 ,      0.003358 ,      0.446509 ,           0.000000 ,           0.000000
 NRCA4_400X256_MASKLWB_F480M ,      0.002292 ,      0.705004 ,      0.002292 ,      0.705004 ,           0.000000 ,           0.000000
    NRCA5_FULL_MASKLWB_F480M ,      0.005750 ,      0.448945 ,      0.005750 ,      0.448945 ,           0.000000 ,           0.000000
    NRCA4_FULL_MASKLWB_F480M ,      0.003348 ,      0.700005 ,      0.003348 ,      0.700005 ,           0.000000 ,           0.000000
 NRCA5_400X256_MASKLWB_F444W ,      0.003358 ,      0.446509 ,      0.003358 ,      0.446509 ,           0.000000 ,           0.000000
 NRCA4_400X256_MASKLWB_F444W ,      0.002292 ,      0.705004 ,      0.002292 ,      0.705004 ,           0.000000 ,           0.000000
    NRCA5_FULL_MASKLWB_F444W ,      0.005750 ,      0.448945 ,      0.005750 ,      0.448945 ,           0.000000 ,           0.000000
    NRCA4_FULL_MASKLWB_F444W ,      0.003348 ,      0.700005 ,      0.003348 ,      0.700005 ,           0.000000 ,           0.000000
NRCA5_400X256_MASKLWB_NARROW ,      0.003358 ,      0.446509 ,      0.003358 ,      0.446509 ,           0.000000 ,           0.000000
NRCA4_400X256_MASKLWB_NARROW ,      0.002292 ,      0.705004 ,      0.002292 ,      0.705004 ,           0.000000 ,           0.000000
   NRCA5_FULL_MASKLWB_NARROW ,      0.005750 ,      0.448945 ,      0.005750 ,      0.448945 ,           0.000000 ,           0.000000
   NRCA4_FULL_MASKLWB_NARROW ,      0.003348 ,      0.700005 ,      0.003348 ,      0.700005 ,           0.000000 ,           0.000000
               NRCA5_MASKLWB ,      0.004174 ,      0.447396 ,      0.004174 ,      0.447396 ,           0.000000 ,           0.000000
         NRCA5_MASKLWB_F250M ,      0.004174 ,      0.447396 ,      0.004174 ,      0.447396 ,           0.000000 ,           0.000000
         NRCA5_MASKLWB_F300M ,      0.004174 ,      0.447396 ,      0.004174 ,      0.447396 ,           0.000000 ,           0.000000
         NRCA5_MASKLWB_F277W ,      0.004174 ,      0.447396 ,      0.004174 ,      0.447396 ,           0.000000 ,           0.000000
         NRCA5_MASKLWB_F335M ,      0.004174 ,      0.447396 ,      0.004174 ,      0.447396 ,           0.000000 ,           0.000000
         NRCA5_MASKLWB_F360M ,      0.004174 ,      0.447396 ,      0.004174 ,      0.447396 ,           0.000000 ,           0.000000
         NRCA5_MASKLWB_F356W ,      0.004174 ,      0.447396 ,      0.004174 ,      0.447396 ,           0.000000 ,           0.000000
         NRCA5_MASKLWB_F410M ,      0.004174 ,      0.447396 ,      0.004174 ,      0.447396 ,           0.000000 ,           0.000000
         NRCA5_MASKLWB_F430M ,      0.004174 ,      0.447396 ,      0.004174 ,      0.447396 ,           0.000000 ,           0.000000
         NRCA5_MASKLWB_F460M ,      0.004174 ,      0.447396 ,      0.004174 ,      0.447396 ,           0.000000 ,           0.000000
         NRCA5_MASKLWB_F480M ,      0.004174 ,      0.447396 ,      0.004174 ,      0.447396 ,           0.000000 ,           0.000000
         NRCA5_MASKLWB_F444W ,      0.004174 ,      0.447396 ,      0.004174 ,      0.447396 ,           0.000000 ,           0.000000
        NRCA5_MASKLWB_NARROW ,      0.004174 ,      0.447396 ,      0.004174 ,      0.447396 ,           0.000000 ,           0.000000
            NRCA2_TAMASK210R ,      0.002990 ,      0.700625 ,      0.002990 ,      0.700625 ,           0.000000 ,           0.000000
       NRCA2_FULL_TAMASK210R ,      0.002614 ,      0.699577 ,      0.002614 ,      0.699577 ,           0.000000 ,           0.000000
          NRCA2_FSTAMASK210R ,      0.002057 ,      0.699582 ,      0.002057 ,      0.699582 ,           0.000000 ,           0.000000
     NRCA2_FULL_FSTAMASK210R ,      0.002614 ,      0.699577 ,      0.002614 ,      0.699577 ,           0.000000 ,           0.000000
            NRCA5_TAMASK335R ,      0.003116 ,      0.450492 ,      0.003116 ,      0.450492 ,           0.000000 ,           0.000000
       NRCA5_FULL_TAMASK335R ,      0.003753 ,      0.448879 ,      0.003753 ,      0.448879 ,           0.000000 ,           0.000000
          NRCA5_FSTAMASK335R ,      0.001914 ,      0.450335 ,      0.001914 ,      0.450335 ,           0.000000 ,           0.000000
     NRCA5_FULL_FSTAMASK335R ,      0.003753 ,      0.448879 ,      0.003753 ,      0.448879 ,           0.000000 ,           0.000000
            NRCA5_TAMASK430R ,      0.000324 ,      0.450020 ,      0.000324 ,      0.450020 ,           0.000000 ,           0.000000
       NRCA5_FULL_TAMASK430R ,      0.003753 ,      0.448879 ,      0.003753 ,      0.448879 ,           0.000000 ,           0.000000
          NRCA5_FSTAMASK430R ,      0.001748 ,      0.449921 ,      0.001748 ,      0.449921 ,           0.000000 ,           0.000000
     NRCA5_FULL_FSTAMASK430R ,      0.003753 ,      0.448879 ,      0.003753 ,      0.448879 ,           0.000000 ,           0.000000
             NRCA4_TAMASKSWB ,      0.002083 ,      0.693910 ,      0.002083 ,      0.693910 ,           0.000000 ,           0.000000
        NRCA4_FULL_TAMASKSWB ,      0.003348 ,      0.700005 ,      0.003348 ,      0.700005 ,           0.000000 ,           0.000000
            NRCA4_TAMASKSWBS ,      0.000670 ,      0.702060 ,      0.000670 ,      0.702060 ,           0.000000 ,           0.000000
       NRCA4_FULL_TAMASKSWBS ,      0.003348 ,      0.700005 ,      0.003348 ,      0.700005 ,           0.000000 ,           0.000000
           NRCA4_FSTAMASKSWB ,      0.002336 ,      0.697969 ,      0.002336 ,      0.697969 ,           0.000000 ,           0.000000
      NRCA4_FULL_FSTAMASKSWB ,      0.003348 ,      0.700005 ,      0.003348 ,      0.700005 ,           0.000000 ,           0.000000
             NRCA5_TAMASKLWB ,      0.003414 ,      0.447992 ,      0.003414 ,      0.447992 ,           0.000000 ,           0.000000
        NRCA5_FULL_TAMASKLWB ,      0.005750 ,      0.448945 ,      0.005750 ,      0.448945 ,           0.000000 ,           0.000000
            NRCA5_TAMASKLWBL ,      0.007529 ,      0.449403 ,      0.007529 ,      0.449403 ,           0.000000 ,           0.000000
       NRCA5_FULL_TAMASKLWBL ,      0.005750 ,      0.448945 ,      0.005750 ,      0.448945 ,           0.000000 ,           0.000000
           NRCA5_FSTAMASKLWB ,      0.005281 ,      0.448484 ,      0.005281 ,      0.448484 ,           0.000000 ,           0.000000
      NRCA5_FULL_FSTAMASKLWB ,      0.005750 ,      0.448945 ,      0.005750 ,      0.448945 ,           0.000000 ,           0.000000
              NRCB1_MASK210R ,      0.000022 ,      0.000023 ,      0.000022 ,      0.000023 ,           0.000000 ,           0.000000
              NRCB5_MASK335R ,      0.000054 ,      0.000101 ,      0.000054 ,      0.000101 ,           0.000000 ,           0.000000
              NRCB5_MASK430R ,      0.000057 ,      0.000076 ,      0.000057 ,      0.000076 ,           0.000000 ,           0.000000
               NRCB3_MASKSWB ,      0.000012 ,      0.000048 ,      0.000012 ,      0.000048 ,           0.000000 ,           0.000000
               NRCB5_MASKLWB ,      0.000122 ,      0.000039 ,      0.000122 ,      0.000039 ,           0.000000 ,           0.000000
            NRCB1_TAMASK210R ,      0.000025 ,      0.000004 ,      0.000025 ,      0.000004 ,           0.000000 ,           0.000000
            NRCB5_TAMASK335R ,      0.000151 ,      0.000068 ,      0.000151 ,      0.000068 ,           0.000000 ,           0.000000
            NRCB5_TAMASK430R ,      0.000011 ,      0.000156 ,      0.000011 ,      0.000156 ,           0.000000 ,           0.000000
             NRCB3_TAMASKSWB ,      0.000006 ,      0.000020 ,      0.000006 ,      0.000020 ,           0.000000 ,           0.000000
             NRCB5_TAMASKLWB ,      0.000170 ,      0.000061 ,      0.000170 ,      0.000061 ,           0.000000 ,           0.000000
            NRCB5_TAMASKLWBL ,      0.000206 ,      0.000011 ,      0.000206 ,      0.000011 ,           0.000000 ,           0.000000
            NRCB3_TAMASKSWBS ,      0.000002 ,      0.000077 ,      0.000002 ,      0.000077 ,           0.000000 ,           0.000000
