Reference:  320 apertures in PRDOPSSOC-053 (index 0 in table below)
Comparison: 320 apertures in pre-delivery (index 1 in table below)

                  AperName , siaf0_dx_mean , siaf0_dy_mean , siaf1_dx_mean , siaf1_dy_mean , difference_dx_mean , difference_dy_mean
            NRCA1_FULL_OSS ,      0.006821 ,      0.020904 ,      0.006821 ,      0.020904 ,           0.000000 ,           0.000000
            NRCA2_FULL_OSS ,      0.008240 ,      0.009175 ,      0.008240 ,      0.009175 ,           0.000000 ,           0.000000
            NRCA3_FULL_OSS ,      0.022124 ,      0.020938 ,      0.022124 ,      0.020938 ,           0.000000 ,           0.000000
            NRCA4_FULL_OSS ,      0.036263 ,      0.023468 ,      0.036263 ,      0.023468 ,           0.000000 ,           0.000000
            NRCA5_FULL_OSS ,      0.015459 ,      0.018852 ,      0.015459 ,      0.018852 ,           0.000000 ,           0.000000
            NRCB1_FULL_OSS ,      0.026528 ,      0.025831 ,      0.026528 ,      0.025831 ,           0.000000 ,           0.000000
            NRCB2_FULL_OSS ,      0.029325 ,      0.079178 ,      0.029325 ,      0.079178 ,           0.000000 ,           0.000000
            NRCB3_FULL_OSS ,      0.114024 ,      0.070726 ,      0.114024 ,      0.070726 ,           0.000000 ,           0.000000
            NRCB4_FULL_OSS ,      0.118391 ,      0.098515 ,      0.118391 ,      0.098515 ,           0.000000 ,           0.000000
            NRCB5_FULL_OSS ,      0.008020 ,      0.006902 ,      0.008020 ,      0.006902 ,           0.000000 ,           0.000000
                NRCA1_FULL ,      0.006821 ,      0.020906 ,      0.006821 ,      0.020906 ,           0.000000 ,           0.000000
                NRCA2_FULL ,      0.008241 ,      0.009173 ,      0.008241 ,      0.009173 ,           0.000000 ,           0.000000
                NRCA3_FULL ,      0.022138 ,      0.020938 ,      0.022138 ,      0.020938 ,           0.000000 ,           0.000000
                NRCA4_FULL ,      0.036264 ,      0.023469 ,      0.036264 ,      0.023469 ,           0.000000 ,           0.000000
                NRCA5_FULL ,      0.015477 ,      0.018856 ,      0.015477 ,      0.018856 ,           0.000000 ,           0.000000
                NRCB1_FULL ,      0.026529 ,      0.025833 ,      0.026529 ,      0.025833 ,           0.000000 ,           0.000000
                NRCB2_FULL ,      0.029362 ,      0.079178 ,      0.029362 ,      0.079178 ,           0.000000 ,           0.000000
                NRCB3_FULL ,      0.114026 ,      0.070727 ,      0.114026 ,      0.070727 ,           0.000000 ,           0.000000
                NRCB4_FULL ,      0.118332 ,      0.098518 ,      0.118332 ,      0.098518 ,           0.000000 ,           0.000000
                NRCB5_FULL ,      0.008020 ,      0.006901 ,      0.008020 ,      0.006901 ,           0.000000 ,           0.000000
              NRCA1_SUB160 ,      0.011872 ,      0.013682 ,      0.011872 ,      0.013682 ,           0.000000 ,           0.000000
              NRCA2_SUB160 ,      0.014359 ,      0.037363 ,      0.014359 ,      0.037363 ,           0.000000 ,           0.000000
              NRCA3_SUB160 ,      0.026733 ,      0.035067 ,      0.026733 ,      0.035067 ,           0.000000 ,           0.000000
              NRCA4_SUB160 ,      0.045344 ,      0.021296 ,      0.045344 ,      0.021296 ,           0.000000 ,           0.000000
              NRCA5_SUB160 ,      0.000769 ,      0.001207 ,      0.000769 ,      0.001207 ,           0.000000 ,           0.000000
              NRCA1_SUB320 ,      0.009012 ,      0.013304 ,      0.009012 ,      0.013304 ,           0.000000 ,           0.000000
              NRCA2_SUB320 ,      0.012603 ,      0.032589 ,      0.012603 ,      0.032589 ,           0.000000 ,           0.000000
              NRCA3_SUB320 ,      0.025100 ,      0.033332 ,      0.025100 ,      0.033332 ,           0.000000 ,           0.000000
              NRCA4_SUB320 ,      0.041896 ,      0.020049 ,      0.041896 ,      0.020049 ,           0.000000 ,           0.000000
              NRCA5_SUB320 ,      0.001540 ,      0.002421 ,      0.001540 ,      0.002421 ,           0.000000 ,           0.000000
              NRCA1_SUB640 ,      0.005865 ,      0.012413 ,      0.005865 ,      0.012413 ,           0.000000 ,           0.000000
              NRCA2_SUB640 ,      0.009448 ,      0.024204 ,      0.009448 ,      0.024204 ,           0.000000 ,           0.000000
              NRCA3_SUB640 ,      0.021265 ,      0.028843 ,      0.021265 ,      0.028843 ,           0.000000 ,           0.000000
              NRCA4_SUB640 ,      0.034987 ,      0.017632 ,      0.034987 ,      0.017632 ,           0.000000 ,           0.000000
              NRCA5_SUB640 ,      0.003096 ,      0.004899 ,      0.003096 ,      0.004899 ,           0.000000 ,           0.000000
              NRCB1_SUB160 ,      0.029591 ,      0.062679 ,      0.029591 ,      0.062679 ,           0.000000 ,           0.000000
              NRCB2_SUB160 ,      0.019669 ,      0.063297 ,      0.019669 ,      0.063297 ,           0.000000 ,           0.000000
              NRCB3_SUB160 ,      0.136572 ,      0.090535 ,      0.136572 ,      0.090535 ,           0.000000 ,           0.000000
              NRCB4_SUB160 ,      0.136592 ,      0.216046 ,      0.136592 ,      0.216046 ,           0.000000 ,           0.000000
              NRCB5_SUB160 ,      0.000439 ,      0.000456 ,      0.000439 ,      0.000456 ,           0.000000 ,           0.000000
              NRCB1_SUB320 ,      0.026091 ,      0.055817 ,      0.026091 ,      0.055817 ,           0.000000 ,           0.000000
              NRCB2_SUB320 ,      0.017081 ,      0.061810 ,      0.017081 ,      0.061810 ,           0.000000 ,           0.000000
              NRCB3_SUB320 ,      0.127751 ,      0.085872 ,      0.127751 ,      0.085872 ,           0.000000 ,           0.000000
              NRCB4_SUB320 ,      0.128890 ,      0.198397 ,      0.128890 ,      0.198397 ,           0.000000 ,           0.000000
              NRCB5_SUB320 ,      0.000865 ,      0.000906 ,      0.000865 ,      0.000906 ,           0.000000 ,           0.000000
              NRCB1_SUB640 ,      0.018327 ,      0.042300 ,      0.018327 ,      0.042300 ,           0.000000 ,           0.000000
              NRCB2_SUB640 ,      0.011527 ,      0.055970 ,      0.011527 ,      0.055970 ,           0.000000 ,           0.000000
              NRCB3_SUB640 ,      0.108016 ,      0.074699 ,      0.108016 ,      0.074699 ,           0.000000 ,           0.000000
              NRCB4_SUB640 ,      0.109998 ,      0.164339 ,      0.109998 ,      0.164339 ,           0.000000 ,           0.000000
              NRCB5_SUB640 ,      0.001721 ,      0.001842 ,      0.001721 ,      0.001842 ,           0.000000 ,           0.000000
     NRCA5_GRISM256_F322W2 ,      0.015477 ,      0.018856 ,      0.015477 ,      0.018856 ,           0.000000 ,           0.000000
     NRCA5_GRISM128_F322W2 ,      0.015477 ,      0.018856 ,      0.015477 ,      0.018856 ,           0.000000 ,           0.000000
      NRCA5_GRISM64_F322W2 ,      0.015477 ,      0.018856 ,      0.015477 ,      0.018856 ,           0.000000 ,           0.000000
      NRCA5_GRISM256_F277W ,      0.015477 ,      0.018856 ,      0.015477 ,      0.018856 ,           0.000000 ,           0.000000
      NRCA5_GRISM128_F277W ,      0.015477 ,      0.018856 ,      0.015477 ,      0.018856 ,           0.000000 ,           0.000000
       NRCA5_GRISM64_F277W ,      0.015477 ,      0.018856 ,      0.015477 ,      0.018856 ,           0.000000 ,           0.000000
      NRCA5_GRISM256_F356W ,      0.015477 ,      0.018856 ,      0.015477 ,      0.018856 ,           0.000000 ,           0.000000
      NRCA5_GRISM128_F356W ,      0.015477 ,      0.018856 ,      0.015477 ,      0.018856 ,           0.000000 ,           0.000000
       NRCA5_GRISM64_F356W ,      0.015477 ,      0.018856 ,      0.015477 ,      0.018856 ,           0.000000 ,           0.000000
      NRCA5_GRISM256_F444W ,      0.015477 ,      0.018856 ,      0.015477 ,      0.018856 ,           0.000000 ,           0.000000
      NRCA5_GRISM128_F444W ,      0.015477 ,      0.018856 ,      0.015477 ,      0.018856 ,           0.000000 ,           0.000000
       NRCA5_GRISM64_F444W ,      0.015477 ,      0.018856 ,      0.015477 ,      0.018856 ,           0.000000 ,           0.000000
        NRCA5_GRISM_F322W2 ,      0.015477 ,      0.018856 ,      0.015477 ,      0.018856 ,           0.000000 ,           0.000000
         NRCA5_GRISM_F277W ,      0.015477 ,      0.018856 ,      0.015477 ,      0.018856 ,           0.000000 ,           0.000000
         NRCA5_GRISM_F356W ,      0.015477 ,      0.018856 ,      0.015477 ,      0.018856 ,           0.000000 ,           0.000000
         NRCA5_GRISM_F444W ,      0.015477 ,      0.018856 ,      0.015477 ,      0.018856 ,           0.000000 ,           0.000000
             NRCA1_GRISMTS ,      0.005255 ,      0.031441 ,      0.005255 ,      0.031441 ,           0.000000 ,           0.000000
          NRCA1_GRISMTS256 ,      0.005263 ,      0.046094 ,      0.005263 ,      0.046094 ,           0.000000 ,           0.000000
          NRCA1_GRISMTS128 ,      0.005301 ,      0.046751 ,      0.005301 ,      0.046751 ,           0.000000 ,           0.000000
           NRCA1_GRISMTS64 ,      0.005320 ,      0.046956 ,      0.005320 ,      0.046956 ,           0.000000 ,           0.000000
             NRCA3_GRISMTS ,      0.022138 ,      0.020938 ,      0.022138 ,      0.020938 ,           0.000000 ,           0.000000
          NRCA3_GRISMTS256 ,      0.022138 ,      0.020938 ,      0.022138 ,      0.020938 ,           0.000000 ,           0.000000
          NRCA3_GRISMTS128 ,      0.022262 ,      0.020606 ,      0.022262 ,      0.020606 ,           0.000000 ,           0.000000
           NRCA3_GRISMTS64 ,      0.022298 ,      0.020536 ,      0.022298 ,      0.020536 ,           0.000000 ,           0.000000
         NRCA5_TAGRISMTS32 ,      0.001778 ,      0.017774 ,      0.001778 ,      0.017774 ,           0.000000 ,           0.000000
   NRCA5_TAGRISMTS32_F405N ,      0.001778 ,      0.017774 ,      0.001778 ,      0.017774 ,           0.000000 ,           0.000000
NRCA5_TAGRISMTS_SCI_F322W2 ,      0.015146 ,      0.041811 ,      0.015146 ,      0.041811 ,           0.000000 ,           0.000000
 NRCA5_TAGRISMTS_SCI_F444W ,      0.002751 ,      0.005053 ,      0.002751 ,      0.005053 ,           0.000000 ,           0.000000
     NRCB5_GRISM256_F322W2 ,      0.074866 ,      0.044805 ,      0.074866 ,      0.044805 ,           0.000000 ,           0.000000
     NRCB5_GRISM128_F322W2 ,      0.093212 ,      0.052035 ,      0.093212 ,      0.052035 ,           0.000000 ,           0.000000
      NRCB5_GRISM64_F322W2 ,      0.103648 ,      0.055499 ,      0.103648 ,      0.055499 ,           0.000000 ,           0.000000
          NRCB2_GRISMTS256 ,      0.029362 ,      0.079178 ,      0.029362 ,      0.079178 ,           0.000000 ,           0.000000
          NRCB2_GRISMTS128 ,      0.029443 ,      0.076814 ,      0.029443 ,      0.076814 ,           0.000000 ,           0.000000
           NRCB2_GRISMTS64 ,      0.029561 ,      0.076088 ,      0.029561 ,      0.076088 ,           0.000000 ,           0.000000
          NRCB4_GRISMTS256 ,      0.118332 ,      0.132798 ,      0.118332 ,      0.132798 ,           0.000000 ,           0.000000
          NRCB4_GRISMTS128 ,      0.118403 ,      0.139906 ,      0.118403 ,      0.139906 ,           0.000000 ,           0.000000
           NRCB4_GRISMTS64 ,      0.118419 ,      0.141981 ,      0.118419 ,      0.141981 ,           0.000000 ,           0.000000
              NRCA3_DHSPIL ,      0.022138 ,      0.020938 ,      0.022138 ,      0.020938 ,           0.000000 ,           0.000000
        NRCA3_DHSPIL_SUB96 ,      0.002233 ,      0.004624 ,      0.002233 ,      0.004624 ,           0.000000 ,           0.000000
       NRCA3_DHSPIL_WEDGES ,      0.022138 ,      0.020938 ,      0.022138 ,      0.020938 ,           0.000000 ,           0.000000
                 NRCA3_FP1 ,      0.022138 ,      0.020938 ,      0.022138 ,      0.020938 ,           0.000000 ,           0.000000
            NRCA3_FP1_SUB8 ,      0.018029 ,      0.022271 ,      0.018029 ,      0.022271 ,           0.000000 ,           0.000000
           NRCA3_FP1_SUB64 ,      0.018024 ,      0.022272 ,      0.018024 ,      0.022272 ,           0.000000 ,           0.000000
             NRCA3_FP2MIMF ,      0.022138 ,      0.020938 ,      0.022138 ,      0.020938 ,           0.000000 ,           0.000000
             NRCA1_FP3MIMF ,      0.006821 ,      0.020906 ,      0.006821 ,      0.020906 ,           0.000000 ,           0.000000
             NRCA2_FP4MIMF ,      0.008241 ,      0.009173 ,      0.008241 ,      0.009173 ,           0.000000 ,           0.000000
             NRCA4_FP5MIMF ,      0.036264 ,      0.023469 ,      0.036264 ,      0.023469 ,           0.000000 ,           0.000000
              NRCB4_DHSPIL ,      0.118332 ,      0.098518 ,      0.118332 ,      0.098518 ,           0.000000 ,           0.000000
        NRCB4_DHSPIL_SUB96 ,      0.006308 ,      0.014939 ,      0.006308 ,      0.014939 ,           0.000000 ,           0.000000
       NRCB4_DHSPIL_WEDGES ,      0.118332 ,      0.098518 ,      0.118332 ,      0.098518 ,           0.000000 ,           0.000000
                 NRCB4_FP1 ,      0.118332 ,      0.098518 ,      0.118332 ,      0.098518 ,           0.000000 ,           0.000000
            NRCB4_FP1_SUB8 ,      0.122928 ,      0.183026 ,      0.122928 ,      0.183026 ,           0.000000 ,           0.000000
           NRCB4_FP1_SUB64 ,      0.122900 ,      0.183035 ,      0.122900 ,      0.183035 ,           0.000000 ,           0.000000
             NRCB4_FP2MIMF ,      0.118332 ,      0.098518 ,      0.118332 ,      0.098518 ,           0.000000 ,           0.000000
             NRCB2_FP3MIMF ,      0.029362 ,      0.079178 ,      0.029362 ,      0.079178 ,           0.000000 ,           0.000000
             NRCB1_FP4MIMF ,      0.026529 ,      0.025833 ,      0.026529 ,      0.025833 ,           0.000000 ,           0.000000
             NRCB3_FP5MIMF ,      0.114026 ,      0.070727 ,      0.114026 ,      0.070727 ,           0.000000 ,           0.000000
              NRCA3_SUB64P ,      0.024041 ,      0.032103 ,      0.024041 ,      0.032103 ,           0.000000 ,           0.000000
             NRCA3_SUB160P ,      0.047502 ,      0.059293 ,      0.047502 ,      0.059293 ,           0.000000 ,           0.000000
             NRCA3_SUB400P ,      0.040021 ,      0.050029 ,      0.040021 ,      0.050029 ,           0.000000 ,           0.000000
              NRCA5_SUB64P ,      0.001481 ,      0.008864 ,      0.001481 ,      0.008864 ,           0.000000 ,           0.000000
             NRCA5_SUB160P ,      0.040718 ,      0.068947 ,      0.040718 ,      0.068947 ,           0.000000 ,           0.000000
             NRCA5_SUB400P ,      0.032940 ,      0.055477 ,      0.032940 ,      0.055477 ,           0.000000 ,           0.000000
              NRCB1_SUB64P ,      0.062725 ,      0.001965 ,      0.062725 ,      0.001965 ,           0.000000 ,           0.000000
             NRCB1_SUB160P ,      0.062677 ,      0.002195 ,      0.062677 ,      0.002195 ,           0.000000 ,           0.000000
             NRCB1_SUB400P ,      0.059918 ,      0.004728 ,      0.059918 ,      0.004728 ,           0.000000 ,           0.000000
              NRCB5_SUB64P ,      0.006525 ,      0.002451 ,      0.006525 ,      0.002451 ,           0.000000 ,           0.000000
             NRCB5_SUB160P ,      0.006488 ,      0.002510 ,      0.006488 ,      0.002510 ,           0.000000 ,           0.000000
             NRCB5_SUB400P ,      0.004620 ,      0.003678 ,      0.004620 ,      0.003678 ,           0.000000 ,           0.000000
               NRCB1_FULLP ,      0.026529 ,      0.025833 ,      0.026529 ,      0.025833 ,           0.000000 ,           0.000000
               NRCB5_FULLP ,      0.008020 ,      0.006901 ,      0.008020 ,      0.006901 ,           0.000000 ,           0.000000
           NRCB5_TAPSIMG32 ,      0.006880 ,      0.002382 ,      0.006880 ,      0.002382 ,           0.000000 ,           0.000000
     NRCB5_TAPSIMG32_F405N ,      0.006880 ,      0.002382 ,      0.006880 ,      0.002382 ,           0.000000 ,           0.000000
      NRCA1_FULL_WEDGE_RND ,      0.044978 ,      0.039210 ,      0.044978 ,      0.039210 ,           0.000000 ,           0.000000
      NRCA2_FULL_WEDGE_RND ,      0.082950 ,      0.140540 ,      0.082950 ,      0.140540 ,           0.000000 ,           0.000000
      NRCA3_FULL_WEDGE_RND ,      0.085983 ,      0.054985 ,      0.085983 ,      0.054985 ,           0.000000 ,           0.000000
      NRCA4_FULL_WEDGE_RND ,      0.138206 ,      0.091717 ,      0.138206 ,      0.091717 ,           0.000000 ,           0.000000
      NRCA5_FULL_WEDGE_RND ,      0.024926 ,      0.032450 ,      0.025127 ,      0.032563 ,           0.000201 ,           0.000113
      NRCA1_FULL_WEDGE_BAR ,      0.043685 ,      0.037511 ,      0.043685 ,      0.037511 ,           0.000000 ,           0.000000
      NRCA2_FULL_WEDGE_BAR ,      0.066131 ,      0.053046 ,      0.066131 ,      0.053046 ,           0.000000 ,           0.000000
      NRCA3_FULL_WEDGE_BAR ,      0.083803 ,      0.053049 ,      0.083803 ,      0.053049 ,           0.000000 ,           0.000000
      NRCA4_FULL_WEDGE_BAR ,      0.098047 ,      0.117881 ,      0.098047 ,      0.117881 ,           0.000000 ,           0.000000
      NRCA5_FULL_WEDGE_BAR ,      0.042037 ,      0.025669 ,      0.042456 ,      0.025670 ,           0.000419 ,           0.000001
            NRCA2_MASK210R ,      0.030588 ,      0.042262 ,      0.030588 ,      0.042262 ,           0.000000 ,           0.000000
       NRCA2_FULL_MASK210R ,      0.082950 ,      0.140540 ,      0.082950 ,      0.140540 ,           0.000000 ,           0.000000
            NRCA5_MASK335R ,      0.017770 ,      0.006196 ,      0.017603 ,      0.006030 ,          -0.000167 ,          -0.000166
       NRCA5_FULL_MASK335R ,      0.024926 ,      0.032450 ,      0.025127 ,      0.032563 ,           0.000201 ,           0.000113
            NRCA5_MASK430R ,      0.007042 ,      0.011264 ,      0.006962 ,      0.011600 ,          -0.000080 ,           0.000336
       NRCA5_FULL_MASK430R ,      0.024926 ,      0.032450 ,      0.025127 ,      0.032563 ,           0.000201 ,           0.000113
             NRCA4_MASKSWB ,      0.158158 ,      0.034325 ,      0.158158 ,      0.034325 ,          -0.000000 ,           0.000000
        NRCA4_FULL_MASKSWB ,      0.098047 ,      0.117881 ,      0.098047 ,      0.117881 ,          -0.000000 ,          -0.000000
       NRCA4_MASKSWB_F182M ,      0.158158 ,      0.034325 ,      0.158158 ,      0.034325 ,           0.000000 ,           0.000000
  NRCA4_FULL_MASKSWB_F182M ,      0.098047 ,      0.117881 ,      0.098047 ,      0.117881 ,           0.000000 ,           0.000000
       NRCA4_MASKSWB_F187N ,      0.158158 ,      0.034325 ,      0.158158 ,      0.034325 ,          -0.000000 ,          -0.000000
  NRCA4_FULL_MASKSWB_F187N ,      0.098047 ,      0.117881 ,      0.098047 ,      0.117881 ,          -0.000000 ,           0.000000
       NRCA4_MASKSWB_F210M ,      0.158158 ,      0.034325 ,      0.158158 ,      0.034325 ,           0.000000 ,          -0.000000
  NRCA4_FULL_MASKSWB_F210M ,      0.098047 ,      0.117881 ,      0.098047 ,      0.117881 ,           0.000000 ,          -0.000000
       NRCA4_MASKSWB_F212N ,      0.158158 ,      0.034325 ,      0.158158 ,      0.034325 ,          -0.000000 ,           0.000000
  NRCA4_FULL_MASKSWB_F212N ,      0.098047 ,      0.117881 ,      0.098047 ,      0.117881 ,          -0.000000 ,           0.000000
       NRCA4_MASKSWB_F200W ,      0.158158 ,      0.034325 ,      0.158158 ,      0.034325 ,           0.000000 ,           0.000000
  NRCA4_FULL_MASKSWB_F200W ,      0.098047 ,      0.117881 ,      0.098047 ,      0.117881 ,           0.000000 ,          -0.000000
      NRCA4_MASKSWB_NARROW ,      0.158158 ,      0.034325 ,      0.158158 ,      0.034325 ,          -0.000000 ,          -0.000000
 NRCA4_FULL_MASKSWB_NARROW ,      0.098047 ,      0.117881 ,      0.098047 ,      0.117881 ,          -0.000000 ,           0.000000
             NRCA5_MASKLWB ,      0.047236 ,      0.069693 ,      0.048121 ,      0.069916 ,           0.000885 ,           0.000222
        NRCA5_FULL_MASKLWB ,      0.042037 ,      0.025669 ,      0.042456 ,      0.025670 ,           0.000419 ,           0.000001
       NRCA5_MASKLWB_F250M ,      0.047236 ,      0.069693 ,      0.048121 ,      0.069916 ,           0.000885 ,           0.000222
  NRCA5_FULL_MASKLWB_F250M ,      0.042037 ,      0.025669 ,      0.042456 ,      0.025670 ,           0.000419 ,           0.000001
       NRCA5_MASKLWB_F300M ,      0.047236 ,      0.069693 ,      0.048121 ,      0.069916 ,           0.000885 ,           0.000222
  NRCA5_FULL_MASKLWB_F300M ,      0.042037 ,      0.025669 ,      0.042456 ,      0.025670 ,           0.000419 ,           0.000001
       NRCA5_MASKLWB_F277W ,      0.047236 ,      0.069693 ,      0.048121 ,      0.069916 ,           0.000885 ,           0.000222
  NRCA5_FULL_MASKLWB_F277W ,      0.042037 ,      0.025669 ,      0.042456 ,      0.025670 ,           0.000419 ,           0.000001
       NRCA5_MASKLWB_F335M ,      0.047236 ,      0.069693 ,      0.048121 ,      0.069916 ,           0.000885 ,           0.000222
  NRCA5_FULL_MASKLWB_F335M ,      0.042037 ,      0.025669 ,      0.042456 ,      0.025670 ,           0.000419 ,           0.000001
       NRCA5_MASKLWB_F360M ,      0.047236 ,      0.069693 ,      0.048121 ,      0.069916 ,           0.000885 ,           0.000222
  NRCA5_FULL_MASKLWB_F360M ,      0.042037 ,      0.025669 ,      0.042456 ,      0.025670 ,           0.000419 ,           0.000001
       NRCA5_MASKLWB_F356W ,      0.047236 ,      0.069693 ,      0.048121 ,      0.069916 ,           0.000885 ,           0.000222
  NRCA5_FULL_MASKLWB_F356W ,      0.042037 ,      0.025669 ,      0.042456 ,      0.025670 ,           0.000419 ,           0.000001
       NRCA5_MASKLWB_F410M ,      0.047236 ,      0.069693 ,      0.048121 ,      0.069916 ,           0.000885 ,           0.000222
  NRCA5_FULL_MASKLWB_F410M ,      0.042037 ,      0.025669 ,      0.042456 ,      0.025670 ,           0.000419 ,           0.000001
       NRCA5_MASKLWB_F430M ,      0.047236 ,      0.069693 ,      0.048121 ,      0.069916 ,           0.000885 ,           0.000222
  NRCA5_FULL_MASKLWB_F430M ,      0.042037 ,      0.025669 ,      0.042456 ,      0.025670 ,           0.000419 ,           0.000001
       NRCA5_MASKLWB_F460M ,      0.047236 ,      0.069693 ,      0.048121 ,      0.069916 ,           0.000885 ,           0.000222
  NRCA5_FULL_MASKLWB_F460M ,      0.042037 ,      0.025669 ,      0.042456 ,      0.025670 ,           0.000419 ,           0.000001
       NRCA5_MASKLWB_F480M ,      0.047236 ,      0.069693 ,      0.048121 ,      0.069916 ,           0.000885 ,           0.000222
  NRCA5_FULL_MASKLWB_F480M ,      0.042037 ,      0.025669 ,      0.042456 ,      0.025670 ,           0.000419 ,           0.000001
       NRCA5_MASKLWB_F444W ,      0.047236 ,      0.069693 ,      0.048121 ,      0.069916 ,           0.000885 ,           0.000222
  NRCA5_FULL_MASKLWB_F444W ,      0.042037 ,      0.025669 ,      0.042456 ,      0.025670 ,           0.000419 ,           0.000001
      NRCA5_MASKLWB_NARROW ,      0.047236 ,      0.069693 ,      0.048121 ,      0.069916 ,           0.000885 ,           0.000222
 NRCA5_FULL_MASKLWB_NARROW ,      0.042037 ,      0.025669 ,      0.042456 ,      0.025670 ,           0.000419 ,           0.000001
          NRCA2_TAMASK210R ,      0.022266 ,      0.013649 ,      0.022266 ,      0.013649 ,           0.000000 ,           0.000000
     NRCA2_FULL_TAMASK210R ,      0.082950 ,      0.140540 ,      0.082950 ,      0.140540 ,           0.000000 ,           0.000000
        NRCA2_FSTAMASK210R ,      0.018920 ,      0.006600 ,      0.018920 ,      0.006600 ,           0.000000 ,           0.000000
   NRCA2_FULL_FSTAMASK210R ,      0.082950 ,      0.140540 ,      0.082950 ,      0.140540 ,           0.000000 ,           0.000000
          NRCA5_TAMASK335R ,      0.012367 ,      0.014360 ,      0.012411 ,      0.014068 ,           0.000044 ,          -0.000292
     NRCA5_FULL_TAMASK335R ,      0.024926 ,      0.032450 ,      0.025127 ,      0.032563 ,           0.000201 ,           0.000113
        NRCA5_FSTAMASK335R ,      0.012284 ,      0.009109 ,      0.012203 ,      0.008799 ,          -0.000081 ,          -0.000310
   NRCA5_FULL_FSTAMASK335R ,      0.024926 ,      0.032450 ,      0.025127 ,      0.032563 ,           0.000201 ,           0.000113
          NRCA5_TAMASK430R ,      0.007859 ,      0.001059 ,      0.007581 ,      0.000913 ,          -0.000278 ,          -0.000146
     NRCA5_FULL_TAMASK430R ,      0.024926 ,      0.032450 ,      0.025127 ,      0.032563 ,           0.000201 ,           0.000113
        NRCA5_FSTAMASK430R ,      0.002559 ,      0.004638 ,      0.002158 ,      0.004968 ,          -0.000401 ,           0.000330
   NRCA5_FULL_FSTAMASK430R ,      0.024926 ,      0.032450 ,      0.025127 ,      0.032563 ,           0.000201 ,           0.000113
           NRCA4_TAMASKSWB ,      0.054857 ,      0.007853 ,      0.054857 ,      0.007853 ,           0.000000 ,           0.000000
      NRCA4_FULL_TAMASKSWB ,      0.098047 ,      0.117881 ,      0.098047 ,      0.117881 ,           0.000000 ,           0.000000
          NRCA4_TAMASKSWBS ,      0.153549 ,      0.062702 ,      0.153549 ,      0.062702 ,           0.000000 ,           0.000000
     NRCA4_FULL_TAMASKSWBS ,      0.098047 ,      0.117881 ,      0.098047 ,      0.117881 ,           0.000000 ,           0.000000
         NRCA4_FSTAMASKSWB ,      0.104538 ,      0.031695 ,      0.104538 ,      0.031695 ,           0.000000 ,           0.000000
    NRCA4_FULL_FSTAMASKSWB ,      0.098047 ,      0.117881 ,      0.098047 ,      0.117881 ,           0.000000 ,           0.000000
           NRCA5_TAMASKLWB ,      0.051757 ,      0.077475 ,      0.052817 ,      0.077589 ,           0.001060 ,           0.000115
      NRCA5_FULL_TAMASKLWB ,      0.042037 ,      0.025669 ,      0.042456 ,      0.025670 ,           0.000419 ,           0.000001
          NRCA5_TAMASKLWBL ,      0.016827 ,      0.061448 ,      0.017368 ,      0.061930 ,           0.000541 ,           0.000482
     NRCA5_FULL_TAMASKLWBL ,      0.042037 ,      0.025669 ,      0.042456 ,      0.025670 ,           0.000419 ,           0.000001
         NRCA5_FSTAMASKLWB ,      0.039368 ,      0.074756 ,      0.040234 ,      0.075012 ,           0.000865 ,           0.000256
    NRCA5_FULL_FSTAMASKLWB ,      0.042037 ,      0.025669 ,      0.042456 ,      0.025670 ,           0.000419 ,           0.000001
            NRCB1_MASK210R ,      0.015877 ,      0.016194 ,      0.015877 ,      0.016194 ,           0.000000 ,           0.000000
            NRCB5_MASK335R ,      0.000547 ,      0.005203 ,      0.000547 ,      0.005203 ,           0.000000 ,           0.000000
            NRCB5_MASK430R ,      0.001801 ,      0.005900 ,      0.001801 ,      0.005900 ,           0.000000 ,           0.000000
             NRCB3_MASKSWB ,      0.046518 ,      0.068270 ,      0.046518 ,      0.068270 ,           0.000000 ,           0.000000
             NRCB5_MASKLWB ,      0.006396 ,      0.006632 ,      0.006396 ,      0.006632 ,           0.000000 ,           0.000000
          NRCB1_TAMASK210R ,      0.024758 ,      0.002214 ,      0.024758 ,      0.002214 ,           0.000000 ,           0.000000
          NRCB5_TAMASK335R ,      0.000108 ,      0.004537 ,      0.000108 ,      0.004537 ,           0.000000 ,           0.000000
          NRCB5_TAMASK430R ,      0.000102 ,      0.004764 ,      0.000102 ,      0.004764 ,           0.000000 ,           0.000000
           NRCB3_TAMASKSWB ,      0.085986 ,      0.040421 ,      0.085986 ,      0.040421 ,           0.000000 ,           0.000000
           NRCB5_TAMASKLWB ,      0.003062 ,      0.005005 ,      0.003062 ,      0.005005 ,           0.000000 ,           0.000000
          NRCB5_TAMASKLWBL ,      0.009310 ,      0.005137 ,      0.009310 ,      0.005137 ,           0.000000 ,           0.000000
          NRCB3_TAMASKSWBS ,      0.034142 ,      0.028946 ,      0.034142 ,      0.028946 ,           0.000000 ,           0.000000
