Reference:  320 apertures in PRDOPSSOC-045 (index 0 in table below)
Comparison: 320 apertures in pre-delivery (index 1 in table below)

                  AperName , siaf0_dx_mean , siaf0_dy_mean , siaf1_dx_mean , siaf1_dy_mean , difference_dx_mean , difference_dy_mean
            NRCA1_FULL_OSS ,      0.021213 ,      0.018763 ,      0.006821 ,      0.020904 ,          -0.014392 ,           0.002142
            NRCA2_FULL_OSS ,      0.027538 ,      0.021597 ,      0.008240 ,      0.009175 ,          -0.019297 ,          -0.012423
            NRCA3_FULL_OSS ,      0.020884 ,      0.016138 ,      0.022124 ,      0.020938 ,           0.001240 ,           0.004800
            NRCA4_FULL_OSS ,      0.027128 ,      0.015822 ,      0.036263 ,      0.023468 ,           0.009135 ,           0.007646
            NRCA5_FULL_OSS ,      0.010408 ,      0.008699 ,      0.015459 ,      0.018852 ,           0.005051 ,           0.010153
            NRCB1_FULL_OSS ,      0.028032 ,      0.022079 ,      0.026528 ,      0.025831 ,          -0.001505 ,           0.003752
            NRCB2_FULL_OSS ,      0.020684 ,      0.020530 ,      0.029325 ,      0.079178 ,           0.008641 ,           0.058648
            NRCB3_FULL_OSS ,      0.027579 ,      0.016205 ,      0.114024 ,      0.070726 ,           0.086446 ,           0.054521
            NRCB4_FULL_OSS ,      0.021575 ,      0.016809 ,      0.118391 ,      0.098515 ,           0.096816 ,           0.081706
            NRCB5_FULL_OSS ,      0.010371 ,      0.009079 ,      0.008020 ,      0.006902 ,          -0.002351 ,          -0.002177
                NRCA1_FULL ,      0.021202 ,      0.018765 ,      0.006821 ,      0.020906 ,          -0.014381 ,           0.002141
                NRCA2_FULL ,      0.027548 ,      0.021601 ,      0.008241 ,      0.009173 ,          -0.019307 ,          -0.012428
                NRCA3_FULL ,      0.020895 ,      0.016141 ,      0.022138 ,      0.020938 ,           0.001243 ,           0.004797
                NRCA4_FULL ,      0.027139 ,      0.015829 ,      0.036264 ,      0.023469 ,           0.009125 ,           0.007640
                NRCA5_FULL ,      0.010405 ,      0.008701 ,      0.015477 ,      0.018856 ,           0.005071 ,           0.010155
                NRCB1_FULL ,      0.028042 ,      0.022081 ,      0.026529 ,      0.025833 ,          -0.001513 ,           0.003751
                NRCB2_FULL ,      0.020695 ,      0.020529 ,      0.029362 ,      0.079178 ,           0.008668 ,           0.058649
                NRCB3_FULL ,      0.027587 ,      0.016212 ,      0.114026 ,      0.070727 ,           0.086439 ,           0.054515
                NRCB4_FULL ,      0.021562 ,      0.016805 ,      0.118332 ,      0.098518 ,           0.096770 ,           0.081712
                NRCB5_FULL ,      0.010370 ,      0.009083 ,      0.008020 ,      0.006901 ,          -0.002350 ,          -0.002182
              NRCA1_SUB160 ,      0.004287 ,      0.027961 ,      0.011872 ,      0.013682 ,           0.007585 ,          -0.014279
              NRCA2_SUB160 ,      0.003070 ,      0.021367 ,      0.014359 ,      0.037363 ,           0.011289 ,           0.015996
              NRCA3_SUB160 ,      0.007114 ,      0.024126 ,      0.026733 ,      0.035067 ,           0.019619 ,           0.010941
              NRCA4_SUB160 ,      0.009348 ,      0.018765 ,      0.045344 ,      0.021296 ,           0.035997 ,           0.002531
              NRCA5_SUB160 ,      0.001686 ,      0.006675 ,      0.000769 ,      0.001207 ,          -0.000917 ,          -0.005468
              NRCA1_SUB320 ,      0.004075 ,      0.029727 ,      0.009012 ,      0.013304 ,           0.004936 ,          -0.016423
              NRCA2_SUB320 ,      0.002420 ,      0.019465 ,      0.012603 ,      0.032589 ,           0.010183 ,           0.013124
              NRCA3_SUB320 ,      0.006705 ,      0.023517 ,      0.025100 ,      0.033332 ,           0.018396 ,           0.009815
              NRCA4_SUB320 ,      0.011468 ,      0.015974 ,      0.041896 ,      0.020049 ,           0.030428 ,           0.004075
              NRCA5_SUB320 ,      0.002436 ,      0.006428 ,      0.001540 ,      0.002421 ,          -0.000896 ,          -0.004006
              NRCA1_SUB640 ,      0.005432 ,      0.031727 ,      0.005865 ,      0.012413 ,           0.000433 ,          -0.019314
              NRCA2_SUB640 ,      0.006800 ,      0.014559 ,      0.009448 ,      0.024204 ,           0.002648 ,           0.009645
              NRCA3_SUB640 ,      0.004834 ,      0.020414 ,      0.021265 ,      0.028843 ,           0.016430 ,           0.008429
              NRCA4_SUB640 ,      0.016185 ,      0.010536 ,      0.034987 ,      0.017632 ,           0.018802 ,           0.007096
              NRCA5_SUB640 ,      0.004140 ,      0.007228 ,      0.003096 ,      0.004899 ,          -0.001044 ,          -0.002329
              NRCB1_SUB160 ,      0.005195 ,      0.019917 ,      0.029591 ,      0.062679 ,           0.024396 ,           0.042762
              NRCB2_SUB160 ,      0.006911 ,      0.027054 ,      0.019669 ,      0.063297 ,           0.012758 ,           0.036243
              NRCB3_SUB160 ,      0.012475 ,      0.016771 ,      0.136572 ,      0.090535 ,           0.124097 ,           0.073764
              NRCB4_SUB160 ,      0.010137 ,      0.022899 ,      0.136592 ,      0.216046 ,           0.126455 ,           0.193147
              NRCB5_SUB160 ,      0.003088 ,      0.005613 ,      0.000558 ,      0.000505 ,          -0.002530 ,          -0.005108
              NRCB1_SUB320 ,      0.003311 ,      0.017903 ,      0.026091 ,      0.055817 ,           0.022780 ,           0.037915
              NRCB2_SUB320 ,      0.006337 ,      0.029241 ,      0.017081 ,      0.061810 ,           0.010744 ,           0.032570
              NRCB3_SUB320 ,      0.014724 ,      0.013779 ,      0.127751 ,      0.085872 ,           0.113027 ,           0.072093
              NRCB4_SUB320 ,      0.009815 ,      0.022442 ,      0.128890 ,      0.198397 ,           0.119075 ,           0.175955
              NRCB5_SUB320 ,      0.003311 ,      0.005562 ,      0.000987 ,      0.000944 ,          -0.002324 ,          -0.004618
              NRCB1_SUB640 ,      0.006781 ,      0.013144 ,      0.018327 ,      0.042300 ,           0.011545 ,           0.029156
              NRCB2_SUB640 ,      0.006744 ,      0.032134 ,      0.011527 ,      0.055970 ,           0.004784 ,           0.023835
              NRCB3_SUB640 ,      0.019486 ,      0.008553 ,      0.108016 ,      0.074699 ,           0.088530 ,           0.066146
              NRCB4_SUB640 ,      0.007321 ,      0.019621 ,      0.109998 ,      0.164339 ,           0.102677 ,           0.144719
              NRCB5_SUB640 ,      0.004751 ,      0.007103 ,      0.001900 ,      0.001879 ,          -0.002851 ,          -0.005223
     NRCA5_GRISM256_F322W2 ,      0.010405 ,      0.008701 ,      0.015477 ,      0.018856 ,           0.005071 ,           0.010155
     NRCA5_GRISM128_F322W2 ,      0.010405 ,      0.008701 ,      0.015477 ,      0.018856 ,           0.005071 ,           0.010155
      NRCA5_GRISM64_F322W2 ,      0.010405 ,      0.008701 ,      0.015477 ,      0.018856 ,           0.005071 ,           0.010155
      NRCA5_GRISM256_F277W ,      0.010405 ,      0.008701 ,      0.015477 ,      0.018856 ,           0.005071 ,           0.010155
      NRCA5_GRISM128_F277W ,      0.010405 ,      0.008701 ,      0.015477 ,      0.018856 ,           0.005071 ,           0.010155
       NRCA5_GRISM64_F277W ,      0.010405 ,      0.008701 ,      0.015477 ,      0.018856 ,           0.005071 ,           0.010155
      NRCA5_GRISM256_F356W ,      0.010405 ,      0.008701 ,      0.015477 ,      0.018856 ,           0.005071 ,           0.010155
      NRCA5_GRISM128_F356W ,      0.010405 ,      0.008701 ,      0.015477 ,      0.018856 ,           0.005071 ,           0.010155
       NRCA5_GRISM64_F356W ,      0.010405 ,      0.008701 ,      0.015477 ,      0.018856 ,           0.005071 ,           0.010155
      NRCA5_GRISM256_F444W ,      0.010405 ,      0.008701 ,      0.015477 ,      0.018856 ,           0.005071 ,           0.010155
      NRCA5_GRISM128_F444W ,      0.010405 ,      0.008701 ,      0.015477 ,      0.018856 ,           0.005071 ,           0.010155
       NRCA5_GRISM64_F444W ,      0.010405 ,      0.008701 ,      0.015477 ,      0.018856 ,           0.005071 ,           0.010155
        NRCA5_GRISM_F322W2 ,      0.010405 ,      0.008701 ,      0.015477 ,      0.018856 ,           0.005071 ,           0.010155
         NRCA5_GRISM_F277W ,      0.010405 ,      0.008701 ,      0.015477 ,      0.018856 ,           0.005071 ,           0.010155
         NRCA5_GRISM_F356W ,      0.010405 ,      0.008701 ,      0.015477 ,      0.018856 ,           0.005071 ,           0.010155
         NRCA5_GRISM_F444W ,      0.010405 ,      0.008701 ,      0.015477 ,      0.018856 ,           0.005071 ,           0.010155
             NRCA1_GRISMTS ,      0.015804 ,      0.013283 ,      0.006843 ,      0.036999 ,          -0.008960 ,           0.023716
          NRCA1_GRISMTS256 ,      0.016451 ,      0.021482 ,      0.006753 ,      0.054878 ,          -0.009698 ,           0.033396
          NRCA1_GRISMTS128 ,      0.016250 ,      0.022710 ,      0.006809 ,      0.055541 ,          -0.009440 ,           0.032831
           NRCA1_GRISMTS64 ,      0.016223 ,      0.023088 ,      0.006821 ,      0.055762 ,          -0.009402 ,           0.032675
             NRCA3_GRISMTS ,      0.020895 ,      0.016141 ,      0.022138 ,      0.020938 ,           0.001243 ,           0.004797
          NRCA3_GRISMTS256 ,      0.020895 ,      0.016141 ,      0.022138 ,      0.020938 ,           0.001243 ,           0.004797
          NRCA3_GRISMTS128 ,      0.020134 ,      0.015693 ,      0.022272 ,      0.020587 ,           0.002138 ,           0.004894
           NRCA3_GRISMTS64 ,      0.019935 ,      0.015564 ,      0.022310 ,      0.020519 ,           0.002375 ,           0.004955
         NRCA5_TAGRISMTS32 ,      0.004828 ,      0.000487 ,      0.001778 ,      0.017774 ,          -0.003050 ,           0.017287
   NRCA5_TAGRISMTS32_F405N ,      0.004828 ,      0.000487 ,      0.001778 ,      0.017774 ,          -0.003050 ,           0.017287
NRCA5_TAGRISMTS_SCI_F322W2 ,      0.014098 ,      0.007792 ,      0.015146 ,      0.041811 ,           0.001049 ,           0.034019
 NRCA5_TAGRISMTS_SCI_F444W ,      0.003174 ,      0.003593 ,      0.002602 ,      0.000854 ,          -0.000572 ,          -0.002739
     NRCB5_GRISM256_F322W2 ,      0.008720 ,      0.011845 ,      0.074866 ,      0.044805 ,           0.066146 ,           0.032960
     NRCB5_GRISM128_F322W2 ,      0.010201 ,      0.017298 ,      0.093212 ,      0.052035 ,           0.083011 ,           0.034737
      NRCB5_GRISM64_F322W2 ,      0.011440 ,      0.022833 ,      0.103648 ,      0.055499 ,           0.092208 ,           0.032665
          NRCB2_GRISMTS256 ,      0.020695 ,      0.020529 ,      0.029362 ,      0.079178 ,           0.008668 ,           0.058649
          NRCB2_GRISMTS128 ,      0.020110 ,      0.021390 ,      0.029443 ,      0.076814 ,           0.009333 ,           0.055424
           NRCB2_GRISMTS64 ,      0.019920 ,      0.021696 ,      0.029561 ,      0.076088 ,           0.009641 ,           0.054392
          NRCB4_GRISMTS256 ,      0.021006 ,      0.021625 ,      0.118332 ,      0.132798 ,           0.097325 ,           0.111173
          NRCB4_GRISMTS128 ,      0.022802 ,      0.023227 ,      0.118403 ,      0.139906 ,           0.095600 ,           0.116679
           NRCB4_GRISMTS64 ,      0.023328 ,      0.023663 ,      0.118419 ,      0.141981 ,           0.095091 ,           0.118318
              NRCA3_DHSPIL ,      0.020895 ,      0.016141 ,      0.022138 ,      0.020938 ,           0.001243 ,           0.004797
        NRCA3_DHSPIL_SUB96 ,      0.020795 ,      0.002264 ,      0.002233 ,      0.004624 ,          -0.018562 ,           0.002360
       NRCA3_DHSPIL_WEDGES ,      0.020895 ,      0.016141 ,      0.022138 ,      0.020938 ,           0.001243 ,           0.004797
                 NRCA3_FP1 ,      0.020895 ,      0.016141 ,      0.022138 ,      0.020938 ,           0.001243 ,           0.004797
            NRCA3_FP1_SUB8 ,      0.003289 ,      0.015001 ,      0.018029 ,      0.022271 ,           0.014740 ,           0.007270
           NRCA3_FP1_SUB64 ,      0.003290 ,      0.014993 ,      0.018024 ,      0.022272 ,           0.014734 ,           0.007279
             NRCA3_FP2MIMF ,      0.020895 ,      0.016141 ,      0.022138 ,      0.020938 ,           0.001243 ,           0.004797
             NRCA1_FP3MIMF ,      0.021202 ,      0.018765 ,      0.006821 ,      0.020906 ,          -0.014381 ,           0.002141
             NRCA2_FP4MIMF ,      0.027548 ,      0.021601 ,      0.008241 ,      0.009173 ,          -0.019307 ,          -0.012428
             NRCA4_FP5MIMF ,      0.027139 ,      0.015829 ,      0.036264 ,      0.023469 ,           0.009125 ,           0.007640
              NRCB4_DHSPIL ,      0.021562 ,      0.016805 ,      0.118332 ,      0.098518 ,           0.096770 ,           0.081712
        NRCB4_DHSPIL_SUB96 ,      0.021737 ,      0.005874 ,      0.006308 ,      0.014939 ,          -0.015429 ,           0.009065
       NRCB4_DHSPIL_WEDGES ,      0.021562 ,      0.016805 ,      0.118332 ,      0.098518 ,           0.096770 ,           0.081712
                 NRCB4_FP1 ,      0.021562 ,      0.016805 ,      0.118332 ,      0.098518 ,           0.096770 ,           0.081712
            NRCB4_FP1_SUB8 ,      0.009192 ,      0.022069 ,      0.122928 ,      0.183026 ,           0.113736 ,           0.160957
           NRCB4_FP1_SUB64 ,      0.009187 ,      0.022059 ,      0.122900 ,      0.183035 ,           0.113713 ,           0.160976
             NRCB4_FP2MIMF ,      0.021562 ,      0.016805 ,      0.118332 ,      0.098518 ,           0.096770 ,           0.081712
             NRCB2_FP3MIMF ,      0.020695 ,      0.020529 ,      0.029362 ,      0.079178 ,           0.008668 ,           0.058649
             NRCB1_FP4MIMF ,      0.028042 ,      0.022081 ,      0.026529 ,      0.025833 ,          -0.001513 ,           0.003751
             NRCB3_FP5MIMF ,      0.027587 ,      0.016212 ,      0.114026 ,      0.070727 ,           0.086439 ,           0.054515
              NRCA3_SUB64P ,      0.002926 ,      0.008516 ,      0.024041 ,      0.032103 ,           0.021115 ,           0.023587
             NRCA3_SUB160P ,      0.030933 ,      0.027982 ,      0.047502 ,      0.059293 ,           0.016569 ,           0.031310
             NRCA3_SUB400P ,      0.037180 ,      0.030850 ,      0.040021 ,      0.050029 ,           0.002841 ,           0.019180
              NRCA5_SUB64P ,      0.000770 ,      0.001480 ,      0.001481 ,      0.008864 ,           0.000711 ,           0.007384
             NRCA5_SUB160P ,      0.016016 ,      0.013029 ,      0.040718 ,      0.068947 ,           0.024702 ,           0.055918
             NRCA5_SUB400P ,      0.015948 ,      0.010723 ,      0.032940 ,      0.055477 ,           0.016991 ,           0.044754
              NRCB1_SUB64P ,      0.039869 ,      0.005042 ,      0.078087 ,      0.003300 ,           0.038219 ,          -0.001742
             NRCB1_SUB160P ,      0.042302 ,      0.006758 ,      0.072994 ,      0.001916 ,           0.030692 ,          -0.004842
             NRCB1_SUB400P ,      0.046933 ,      0.010459 ,      0.059918 ,      0.004728 ,           0.012985 ,          -0.005730
              NRCB5_SUB64P ,      0.012689 ,      0.000990 ,      0.007273 ,      0.001836 ,          -0.005416 ,           0.000846
             NRCB5_SUB160P ,      0.015024 ,      0.001946 ,      0.006488 ,      0.002510 ,          -0.008536 ,           0.000564
             NRCB5_SUB400P ,      0.018463 ,      0.005920 ,      0.004620 ,      0.003678 ,          -0.013843 ,          -0.002243
               NRCB1_FULLP ,      0.028042 ,      0.022081 ,      0.026529 ,      0.025833 ,          -0.001513 ,           0.003751
               NRCB5_FULLP ,      0.010370 ,      0.009083 ,      0.008020 ,      0.006901 ,          -0.002350 ,          -0.002182
           NRCB5_TAPSIMG32 ,      0.016637 ,      0.001368 ,      0.006880 ,      0.002382 ,          -0.009757 ,           0.001014
     NRCB5_TAPSIMG32_F405N ,      0.016637 ,      0.001368 ,      0.006880 ,      0.002382 ,          -0.009757 ,           0.001014
      NRCA1_FULL_WEDGE_RND ,      0.024970 ,      0.007815 ,      0.044978 ,      0.039210 ,           0.020009 ,           0.031394
      NRCA2_FULL_WEDGE_RND ,      0.021917 ,      0.002986 ,      0.082950 ,      0.140540 ,           0.061033 ,           0.137554
      NRCA3_FULL_WEDGE_RND ,      0.024528 ,      0.003902 ,      0.085983 ,      0.054985 ,           0.061455 ,           0.051083
      NRCA4_FULL_WEDGE_RND ,      0.024565 ,      0.007874 ,      0.138206 ,      0.091717 ,           0.113641 ,           0.083843
      NRCA5_FULL_WEDGE_RND ,      0.004977 ,      0.004325 ,      0.024926 ,      0.032450 ,           0.019949 ,           0.028125
      NRCA1_FULL_WEDGE_BAR ,      0.023347 ,      0.013295 ,      0.043685 ,      0.037511 ,           0.020338 ,           0.024216
      NRCA2_FULL_WEDGE_BAR ,      0.022288 ,      0.003166 ,      0.066131 ,      0.053046 ,           0.043843 ,           0.049881
      NRCA3_FULL_WEDGE_BAR ,      0.026667 ,      0.004793 ,      0.083803 ,      0.053049 ,           0.057135 ,           0.048256
      NRCA4_FULL_WEDGE_BAR ,      0.025193 ,      0.007855 ,      0.098047 ,      0.117881 ,           0.072854 ,           0.110026
      NRCA5_FULL_WEDGE_BAR ,      0.005080 ,      0.004261 ,      0.042037 ,      0.025669 ,           0.036957 ,           0.021408
            NRCA2_MASK210R ,      0.013418 ,      0.002642 ,      0.030588 ,      0.042262 ,           0.017170 ,           0.039620
       NRCA2_FULL_MASK210R ,      0.021917 ,      0.002986 ,      0.082950 ,      0.140540 ,           0.061033 ,           0.137554
            NRCA5_MASK335R ,      0.003009 ,      0.001210 ,      0.017770 ,      0.006196 ,           0.014761 ,           0.004986
       NRCA5_FULL_MASK335R ,      0.004977 ,      0.004325 ,      0.024926 ,      0.032450 ,           0.019949 ,           0.028125
            NRCA5_MASK430R ,      0.002812 ,      0.002297 ,      0.007044 ,      0.011255 ,           0.004232 ,           0.008958
       NRCA5_FULL_MASK430R ,      0.004977 ,      0.004325 ,      0.024920 ,      0.032447 ,           0.019944 ,           0.028122
             NRCA4_MASKSWB ,      0.021188 ,      0.003786 ,      0.158158 ,      0.034325 ,           0.136970 ,           0.030538
        NRCA4_FULL_MASKSWB ,      0.025193 ,      0.007855 ,      0.098047 ,      0.117881 ,           0.072854 ,           0.110026
       NRCA4_MASKSWB_F182M ,      0.021188 ,      0.003786 ,      0.158158 ,      0.034325 ,           0.136970 ,           0.030538
  NRCA4_FULL_MASKSWB_F182M ,      0.025193 ,      0.007855 ,      0.098047 ,      0.117881 ,           0.072854 ,           0.110026
       NRCA4_MASKSWB_F187N ,      0.021188 ,      0.003786 ,      0.158158 ,      0.034325 ,           0.136970 ,           0.030538
  NRCA4_FULL_MASKSWB_F187N ,      0.025193 ,      0.007855 ,      0.098047 ,      0.117881 ,           0.072854 ,           0.110026
       NRCA4_MASKSWB_F210M ,      0.021188 ,      0.003786 ,      0.158158 ,      0.034325 ,           0.136970 ,           0.030538
  NRCA4_FULL_MASKSWB_F210M ,      0.025193 ,      0.007855 ,      0.098047 ,      0.117881 ,           0.072854 ,           0.110026
       NRCA4_MASKSWB_F212N ,      0.021188 ,      0.003786 ,      0.158158 ,      0.034325 ,           0.136970 ,           0.030538
  NRCA4_FULL_MASKSWB_F212N ,      0.025193 ,      0.007855 ,      0.098047 ,      0.117881 ,           0.072854 ,           0.110026
       NRCA4_MASKSWB_F200W ,      0.021188 ,      0.003786 ,      0.158158 ,      0.034325 ,           0.136970 ,           0.030538
  NRCA4_FULL_MASKSWB_F200W ,      0.025193 ,      0.007855 ,      0.098047 ,      0.117881 ,           0.072854 ,           0.110026
      NRCA4_MASKSWB_NARROW ,      0.021188 ,      0.003786 ,      0.159179 ,      0.034812 ,           0.137991 ,           0.031026
 NRCA4_FULL_MASKSWB_NARROW ,      0.025193 ,      0.007855 ,      0.098196 ,      0.118767 ,           0.073004 ,           0.110912
             NRCA5_MASKLWB ,      0.003633 ,      0.002777 ,      0.047236 ,      0.069693 ,           0.043603 ,           0.066917
        NRCA5_FULL_MASKLWB ,      0.005080 ,      0.004261 ,      0.042037 ,      0.025669 ,           0.036957 ,           0.021408
       NRCA5_MASKLWB_F250M ,      0.003633 ,      0.002777 ,      0.047236 ,      0.069693 ,           0.043603 ,           0.066917
  NRCA5_FULL_MASKLWB_F250M ,      0.005080 ,      0.004261 ,      0.042037 ,      0.025669 ,           0.036957 ,           0.021408
       NRCA5_MASKLWB_F300M ,      0.003633 ,      0.002777 ,      0.047236 ,      0.069693 ,           0.043603 ,           0.066917
  NRCA5_FULL_MASKLWB_F300M ,      0.005080 ,      0.004261 ,      0.042037 ,      0.025669 ,           0.036957 ,           0.021408
       NRCA5_MASKLWB_F277W ,      0.003633 ,      0.002777 ,      0.047236 ,      0.069693 ,           0.043603 ,           0.066917
  NRCA5_FULL_MASKLWB_F277W ,      0.005080 ,      0.004261 ,      0.042037 ,      0.025669 ,           0.036957 ,           0.021408
       NRCA5_MASKLWB_F335M ,      0.003633 ,      0.002777 ,      0.047236 ,      0.069693 ,           0.043603 ,           0.066917
  NRCA5_FULL_MASKLWB_F335M ,      0.005080 ,      0.004261 ,      0.042037 ,      0.025669 ,           0.036957 ,           0.021408
       NRCA5_MASKLWB_F360M ,      0.003633 ,      0.002777 ,      0.047236 ,      0.069693 ,           0.043603 ,           0.066917
  NRCA5_FULL_MASKLWB_F360M ,      0.005080 ,      0.004261 ,      0.042037 ,      0.025669 ,           0.036957 ,           0.021408
       NRCA5_MASKLWB_F356W ,      0.003633 ,      0.002777 ,      0.047236 ,      0.069693 ,           0.043603 ,           0.066917
  NRCA5_FULL_MASKLWB_F356W ,      0.005080 ,      0.004261 ,      0.042037 ,      0.025669 ,           0.036957 ,           0.021408
       NRCA5_MASKLWB_F410M ,      0.003633 ,      0.002777 ,      0.047236 ,      0.069693 ,           0.043603 ,           0.066917
  NRCA5_FULL_MASKLWB_F410M ,      0.005080 ,      0.004261 ,      0.042037 ,      0.025669 ,           0.036957 ,           0.021408
       NRCA5_MASKLWB_F430M ,      0.003633 ,      0.002777 ,      0.047236 ,      0.069693 ,           0.043603 ,           0.066917
  NRCA5_FULL_MASKLWB_F430M ,      0.005080 ,      0.004261 ,      0.042037 ,      0.025669 ,           0.036957 ,           0.021408
       NRCA5_MASKLWB_F460M ,      0.003633 ,      0.002777 ,      0.047236 ,      0.069693 ,           0.043603 ,           0.066917
  NRCA5_FULL_MASKLWB_F460M ,      0.005080 ,      0.004261 ,      0.042037 ,      0.025669 ,           0.036957 ,           0.021408
       NRCA5_MASKLWB_F480M ,      0.003633 ,      0.002777 ,      0.047236 ,      0.069693 ,           0.043603 ,           0.066917
  NRCA5_FULL_MASKLWB_F480M ,      0.005080 ,      0.004261 ,      0.042037 ,      0.025669 ,           0.036957 ,           0.021408
       NRCA5_MASKLWB_F444W ,      0.003633 ,      0.002777 ,      0.047236 ,      0.069693 ,           0.043603 ,           0.066917
  NRCA5_FULL_MASKLWB_F444W ,      0.005080 ,      0.004261 ,      0.042037 ,      0.025669 ,           0.036957 ,           0.021408
      NRCA5_MASKLWB_NARROW ,      0.003633 ,      0.002777 ,      0.047236 ,      0.069693 ,           0.043603 ,           0.066917
 NRCA5_FULL_MASKLWB_NARROW ,      0.005080 ,      0.004261 ,      0.042037 ,      0.025669 ,           0.036957 ,           0.021408
          NRCA2_TAMASK210R ,      0.003263 ,      0.001927 ,      0.022266 ,      0.013649 ,           0.019004 ,           0.011722
     NRCA2_FULL_TAMASK210R ,      0.021917 ,      0.002986 ,      0.082950 ,      0.140540 ,           0.061033 ,           0.137554
        NRCA2_FSTAMASK210R ,      0.003881 ,      0.002280 ,      0.018920 ,      0.006600 ,           0.015039 ,           0.004320
   NRCA2_FULL_FSTAMASK210R ,      0.021917 ,      0.002986 ,      0.082950 ,      0.140540 ,           0.061033 ,           0.137554
          NRCA5_TAMASK335R ,      0.000899 ,      0.000434 ,      0.012367 ,      0.014360 ,           0.011468 ,           0.013926
     NRCA5_FULL_TAMASK335R ,      0.004977 ,      0.004325 ,      0.024926 ,      0.032450 ,           0.019949 ,           0.028125
        NRCA5_FSTAMASK335R ,      0.002717 ,      0.000574 ,      0.012284 ,      0.009109 ,           0.009567 ,           0.008535
   NRCA5_FULL_FSTAMASK335R ,      0.004977 ,      0.004325 ,      0.024926 ,      0.032450 ,           0.019949 ,           0.028125
          NRCA5_TAMASK430R ,      0.001190 ,      0.002434 ,      0.007859 ,      0.001059 ,           0.006668 ,          -0.001375
     NRCA5_FULL_TAMASK430R ,      0.004977 ,      0.004325 ,      0.024926 ,      0.032450 ,           0.019949 ,           0.028125
        NRCA5_FSTAMASK430R ,      0.001862 ,      0.003568 ,      0.002559 ,      0.004638 ,           0.000697 ,           0.001070
   NRCA5_FULL_FSTAMASK430R ,      0.004977 ,      0.004325 ,      0.024926 ,      0.032450 ,           0.019949 ,           0.028125
           NRCA4_TAMASKSWB ,      0.011815 ,      0.003579 ,      0.054857 ,      0.007853 ,           0.043042 ,           0.004274
      NRCA4_FULL_TAMASKSWB ,      0.025193 ,      0.007855 ,      0.098047 ,      0.117881 ,           0.072854 ,           0.110026
          NRCA4_TAMASKSWBS ,      0.019782 ,      0.006783 ,      0.153549 ,      0.062702 ,           0.133767 ,           0.055918
     NRCA4_FULL_TAMASKSWBS ,      0.025193 ,      0.007855 ,      0.098047 ,      0.117881 ,           0.072854 ,           0.110026
         NRCA4_FSTAMASKSWB ,      0.017737 ,      0.006643 ,      0.126451 ,      0.042328 ,           0.108714 ,           0.035686
    NRCA4_FULL_FSTAMASKSWB ,      0.025193 ,      0.007855 ,      0.098047 ,      0.117881 ,           0.072854 ,           0.110026
           NRCA5_TAMASKLWB ,      0.002057 ,      0.002161 ,      0.051757 ,      0.077475 ,           0.049700 ,           0.075314
      NRCA5_FULL_TAMASKLWB ,      0.005080 ,      0.004261 ,      0.042037 ,      0.025669 ,           0.036957 ,           0.021408
          NRCA5_TAMASKLWBL ,      0.008872 ,      0.005721 ,      0.016827 ,      0.061448 ,           0.007955 ,           0.055728
     NRCA5_FULL_TAMASKLWBL ,      0.005080 ,      0.004261 ,      0.042037 ,      0.025669 ,           0.036957 ,           0.021408
         NRCA5_FSTAMASKLWB ,      0.001422 ,      0.003650 ,      0.039368 ,      0.074756 ,           0.037946 ,           0.071106
    NRCA5_FULL_FSTAMASKLWB ,      0.005080 ,      0.004261 ,      0.042037 ,      0.025669 ,           0.036957 ,           0.021408
            NRCB1_MASK210R ,      0.049082 ,      0.023734 ,      0.015877 ,      0.016194 ,          -0.033205 ,          -0.007540
            NRCB5_MASK335R ,      0.012085 ,      0.019041 ,      0.000547 ,      0.005203 ,          -0.011538 ,          -0.013838
            NRCB5_MASK430R ,      0.004671 ,      0.021946 ,      0.001801 ,      0.005900 ,          -0.002870 ,          -0.016046
             NRCB3_MASKSWB ,      0.045044 ,      0.007652 ,      0.046518 ,      0.068270 ,           0.001474 ,           0.060619
             NRCB5_MASKLWB ,      0.015222 ,      0.016321 ,      0.006396 ,      0.006632 ,          -0.008826 ,          -0.009689
          NRCB1_TAMASK210R ,      0.053936 ,      0.009541 ,      0.024758 ,      0.002214 ,          -0.029178 ,          -0.007327
          NRCB5_TAMASK335R ,      0.018549 ,      0.011104 ,      0.000108 ,      0.004537 ,          -0.018442 ,          -0.006567
          NRCB5_TAMASK430R ,      0.005444 ,      0.017771 ,      0.000102 ,      0.004764 ,          -0.005343 ,          -0.013007
           NRCB3_TAMASKSWB ,      0.043599 ,      0.010073 ,      0.085986 ,      0.040421 ,           0.042387 ,           0.030349
           NRCB5_TAMASKLWB ,      0.009838 ,      0.017304 ,      0.003062 ,      0.005005 ,          -0.006776 ,          -0.012299
          NRCB5_TAMASKLWBL ,      0.018978 ,      0.009549 ,      0.009310 ,      0.005137 ,          -0.009668 ,          -0.004412
          NRCB3_TAMASKSWBS ,      0.044366 ,      0.010973 ,      0.034142 ,      0.028946 ,          -0.010224 ,           0.017973
