# SliceName SliceNum a_ref b_ref v2_ref v3_ref a_ll b_ll v2_ll v3_ll a_ul b_ul v2_ul v3_ul a_ur b_ur v2_ur v3_ur a_lr b_lr v2_lr v3_lr
2C   -1      0.00000      0.00000      -503.58151      -319.27875     -2.04374     -2.37764      -505.22418      -316.63490     -2.04374      2.37764      -505.99250      -321.35193      2.11234      2.37764      -501.86256      -321.90595      2.11234     -2.37764      -501.11074      -317.24138
     201C       1      0.00000      -2.2377770      -503.22377      -317.07111     -2.07490     -2.37764      -505.25502      -316.63035     -2.07490     -2.09792      -505.30022      -316.90784      2.11234     -2.09792      -501.15497      -317.51577      2.11234     -2.37764      -501.11074      -317.24138
     202C       2      0.00000      -1.9580548      -503.26848      -317.34707     -2.13263     -2.09792      -505.35737      -316.89946     -2.13263     -1.81819      -505.40259      -317.17700      2.16833     -1.81819      -501.14375      -317.79824      2.16833     -2.09792      -501.09954      -317.52390
     203C       3      0.00000      -1.6783327      -503.31320      -317.62302     -2.14997     -1.81819      -505.41976      -317.17450     -2.14997     -1.53847      -505.46498      -317.45205      2.19049     -1.53847      -501.16601      -318.07577      2.19049     -1.81819      -501.12181      -317.80144
     204C       4      0.00000      -1.3986106      -503.35792      -317.89897     -2.14650     -1.53847      -505.46154      -317.45255     -2.14650     -1.25875      -505.50676      -317.73010      2.18728     -1.25875      -501.21339      -318.34964      2.18728     -1.53847      -501.16919      -318.07531
     205C       5      0.00000      -1.1188885      -503.40264      -318.17493     -2.10852     -1.25875      -505.46914      -317.73552     -2.10852    -0.979027      -505.51435      -318.01304      2.17465    -0.979027      -501.27012      -318.62217      2.17465     -1.25875      -501.22591      -318.34783
     206C       6      0.00000     -0.83916636      -503.44736      -318.45088     -2.11335    -0.979027      -505.51913      -318.01236     -2.11335    -0.699305      -505.56435      -318.28988      2.15189    -0.699305      -501.33689      -318.89329      2.15189    -0.979027      -501.29267      -318.61894
     207C       7      0.00000     -0.55944424      -503.49208      -318.72684     -2.13379    -0.699305      -505.58460      -318.28699     -2.13379    -0.419583      -505.62982      -318.56453      2.12387    -0.419583      -501.40888      -319.16371      2.12387    -0.699305      -501.36466      -318.88933
     208C       8      0.00000     -0.27972212      -503.53679      -319.00279     -2.08633    -0.419583      -505.58277      -318.57121     -2.08633    -0.139861      -505.62798      -318.84871      2.12901    -0.139861      -501.44801      -319.43881      2.12901    -0.419583      -501.40379      -319.16443
     209C       9      0.00000  -2.0000668e-12      -503.58151      -319.27875     -2.04374    -0.139861      -505.58574      -318.85468     -2.04374     0.139861      -505.63094      -319.13215      2.13097     0.139861      -501.49028      -319.71345      2.13097    -0.139861      -501.44606      -319.43908
     210C      10      0.00000      0.27972212      -503.62623      -319.55470     -2.13092     0.139861      -505.71741      -319.12001     -2.13092     0.419583      -505.76263      -319.39755      2.15075     0.419583      -501.51489      -319.99056      2.15075     0.139861      -501.47067      -319.71621
     211C      11      0.00000      0.55944424      -503.67095      -319.83066     -2.13902     0.419583      -505.77066      -319.39642     -2.13902     0.699305      -505.81587      -319.67397      2.19094     0.699305      -501.51922      -320.27046      2.19094     0.419583      -501.47501      -319.99613
     212C      12      0.00000      0.83916636      -503.71567      -320.10661     -2.13654     0.699305      -505.81342      -319.67431     -2.13654     0.979027      -505.85863      -319.95185      2.23063     0.979027      -501.52403      -320.55023      2.23063     0.699305      -501.47983      -320.27593
     213C      13      0.00000       1.1188885      -503.76038      -320.38257     -2.14341     0.979027      -505.86545      -319.95091     -2.14341      1.25875      -505.91067      -320.22846      2.20025      1.25875      -501.59839      -320.82038      2.20025     0.979027      -501.55418      -320.54606
     214C      14      0.00000       1.3986106      -503.80510      -320.65852     -2.11264      1.25875      -505.88013      -320.23265     -2.11264      1.53847      -505.92534      -320.51017      2.19823      1.53847      -501.64459      -321.09443      2.19823      1.25875      -501.60039      -320.82011
     215C      15      0.00000       1.6783327      -503.84982      -320.93448     -2.11235      1.53847      -505.92504      -320.51021     -2.11235      1.81819      -505.97026      -320.78773      2.17959      1.81819      -501.70732      -321.36624      2.17959      1.53847      -501.66311      -321.09190
     216C      16      0.00000       1.9580548      -503.89454      -321.21043     -2.11249      1.81819      -505.97040      -320.78772     -2.11249      2.09792      -506.01561      -321.06524      2.15801      2.09792      -501.77296      -321.63769      2.15801      1.81819      -501.72875      -321.36333
     217C      17      0.00000       2.2377770      -503.93926      -321.48639     -2.13090      2.09792      -506.03390      -321.06277     -2.13090      2.37764      -506.07912      -321.34031      2.14199      2.37764      -501.83310      -321.90990      2.14199      2.09792      -501.78888      -321.63554
