# SliceName SliceNum a_ref b_ref v2_ref v3_ref a_ll b_ll v2_ll v3_ll a_ul b_ul v2_ul v3_ul a_ur b_ur v2_ur v3_ur a_lr b_lr v2_lr v3_lr
2B   -1      0.00000      0.00000      -8.3964494      -5.3222709     -2.09122     -2.37767      -8.4243907      -5.2780038     -2.09122      2.37767      -8.4375990      -5.3567663      2.10015      2.37767      -8.3678418      -5.3660205      2.10015     -2.37767      -8.3556711      -5.2883348
     201B       1      0.00000      -2.2378084      -8.3904773      -5.2854590     -2.10593     -2.37767      -8.4246318      -5.2779676     -2.10593     -2.09795      -8.4254090      -5.2826009      2.10015     -2.09795      -8.3563871      -5.2929045      2.10015     -2.37767      -8.3556711      -5.2883348
     202B       2      0.00000      -1.9580824      -8.3912238      -5.2900605     -2.18578     -2.09795      -8.4267193      -5.2824053     -2.18578     -1.81822      -8.4274976      -5.2870398      2.15602     -1.81822      -8.3561854      -5.2976103      2.15602     -2.09795      -8.3554703      -5.2930414
     203B       3      0.00000      -1.6783563      -8.3919703      -5.2946620     -2.17084     -1.81822      -8.4272522      -5.2870762     -2.17084     -1.53849      -8.4280303      -5.2917105      2.18349     -1.53849      -8.3564489      -5.3022456      2.18349     -1.81822      -8.3557342      -5.2976772
     204B       4      0.00000      -1.3986303      -8.3927168      -5.2992635     -2.16709     -1.53849      -8.4279687      -5.2917195     -2.16709     -1.25877      -8.4287468      -5.2963538      2.18407     -1.25877      -8.3571540      -5.3068155      2.18407     -1.53849      -8.3564393      -5.3022471
     205B       5      0.00000      -1.1189042      -8.3934633      -5.3038650     -2.14383     -1.25877      -8.4283640      -5.2964097     -2.14383    -0.979041      -8.4291418      -5.3010436      2.17937    -0.979041      -8.3579461      -5.3113728      2.17937     -1.25877      -8.3572313      -5.3068042
     206B       6      0.00000     -0.83917816      -8.3942099      -5.3084665     -2.14455    -0.979041      -8.4291537      -5.3010418     -2.14455    -0.699315      -8.4299315      -5.3056757      2.15811    -0.699315      -8.3590112      -5.3158909      2.15811    -0.979041      -8.3582961      -5.3113220
     207B       7      0.00000     -0.55945210      -8.3949564      -5.3130679     -2.15368    -0.699315      -8.4300819      -5.3056540     -2.15368    -0.419589      -8.4308598      -5.3102881      2.13028    -0.419589      -8.3601855      -5.3203941      2.13028    -0.699315      -8.3594701      -5.3158248
     208B       8      0.00000     -0.27972605      -8.3957029      -5.3176694     -2.11752    -0.419589      -8.4302632      -5.3103734     -2.11752    -0.139863      -8.4310405      -5.3150069      2.12282    -0.139863      -8.3610242      -5.3249459      2.12282    -0.419589      -8.3603086      -5.3203765
     209B       9      0.00000       0.0000000      -8.3964494      -5.3222709     -2.09122    -0.139863      -8.4306064      -5.3150685     -2.09122     0.139863      -8.4313833      -5.3197016      2.13495     0.139863      -8.3615392      -5.3295435      2.13495    -0.139863      -8.3608238      -5.3249743
     210B      10      0.00000      0.27972605      -8.3971959      -5.3268724     -2.17159     0.139863      -8.4327116      -5.3195144     -2.17159     0.419589      -8.4334897      -5.3241487      2.15059     0.419589      -8.3619960      -5.3341489      2.15059     0.139863      -8.3612808      -5.3295800
     211B      11      0.00000      0.55945210      -8.3979424      -5.3314739     -2.17522     0.419589      -8.4335496      -5.3241403     -2.17522     0.699315      -8.4343278      -5.3287747      2.18450     0.699315      -8.3621498      -5.3387959      2.18450     0.419589      -8.3614351      -5.3342274
     212B      12      0.00000      0.83917816      -8.3986889      -5.3360754     -2.16987     0.699315      -8.4342394      -5.3287870     -2.16987     0.979041      -8.4350175      -5.3334212      2.22650     0.979041      -8.3621686      -5.3434602      2.22650     0.699315      -8.3614545      -5.3388924
     213B      13      0.00000       1.1189042      -8.3994354      -5.3406768     -2.18805     0.979041      -8.4353186      -5.3333797     -2.18805      1.25877      -8.4360970      -5.3380143      2.20262      1.25877      -8.3632786      -5.3479739      2.20262     0.979041      -8.3625642      -5.3434057
     214B      14      0.00000       1.3986303      -8.4001819      -5.3452783     -2.15395      1.25877      -8.4355315      -5.3380916     -2.15395      1.53849      -8.4363093      -5.3427257      2.18238      1.53849      -8.3643291      -5.3524965      2.18238      1.25877      -8.3636144      -5.3479280
     215B      15      0.00000       1.6783563      -8.4009284      -5.3498798     -2.14210      1.53849      -8.4361126      -5.3427524     -2.14210      1.81822      -8.4368903      -5.3473862      2.16754      1.81822      -8.3652904      -5.3570318      2.16754      1.53849      -8.3645754      -5.3524631
     216B      16      0.00000       1.9580824      -8.4016749      -5.3544813     -2.17576      1.81822      -8.4374495      -5.3473109     -2.17576      2.09795      -8.4382277      -5.3519453      2.12255      2.09795      -8.3667534      -5.3615005      2.12255      1.81822      -8.3660378      -5.3569311
     217B      17      0.00000       2.2378084      -8.4024214      -5.3590828     -2.16806      2.09795      -8.4380998      -5.3519624     -2.16806      2.37767      -8.4388779      -5.3565966      2.10425      2.37767      -8.3677735      -5.3660295      2.10425      2.09795      -8.3670577      -5.3614598
