# SliceName SliceNum a_ref b_ref v2_ref v3_ref a_ll b_ll v2_ll v3_ll a_ul b_ul v2_ul v3_ul a_ur b_ur v2_ur v3_ur a_lr b_lr v2_lr v3_lr
3A   -1      0.00000      0.00000      -8.4062069      -5.3133073     -2.71950     -3.11851      -8.4457456      -5.2560608     -2.71950      3.11851      -8.4561797      -5.3584294      2.96645      3.11851      -8.3620265      -5.3721474      2.96645     -3.11851      -8.3527473      -5.2676925
     301A       1      0.00000      -2.9236033      -8.4015748      -5.2648543     -2.86738     -3.11851      -8.4481644      -5.2557583     -2.86738     -2.72870      -8.4488184      -5.2621529      3.20982     -2.72870      -8.3493436      -5.2747244      3.20982     -3.11851      -8.3487667      -5.2681904
     302A       2      0.00000      -2.5337896      -8.4021924      -5.2713147     -2.88806     -2.72870      -8.4491569      -5.2621101     -2.88806     -2.33888      -8.4498112      -5.2685043      3.23276     -2.33888      -8.3495446      -5.2813064      3.23276     -2.72870      -8.3489680      -5.2747719
     303A       3      0.00000      -2.1439758      -8.4028100      -5.2777751     -2.82173     -2.33888      -8.4487246      -5.2686430     -2.82173     -1.94907      -8.4493781      -5.2750387      3.12389     -1.94907      -8.3519060      -5.2876107      3.12389     -2.33888      -8.3513280      -5.2810787
     304A       4      0.00000      -1.7541620      -8.4034276      -5.2842355     -2.81475     -1.94907      -8.4492635      -5.2750535     -2.81475     -1.55926      -8.4499168      -5.2814493      3.19144     -1.55926      -8.3513758      -5.2942871      3.19144     -1.94907      -8.3507987      -5.2877536
     305A       5      0.00000      -1.3643482      -8.4040452      -5.2906959     -2.77868     -1.55926      -8.4493252      -5.2815264     -2.77868     -1.16944      -8.4499780      -5.2879231      3.25289     -1.16944      -8.3509438      -5.3009535      3.25289     -1.55926      -8.3503675      -5.2944185
     306A       6      0.00000     -0.97453445      -8.4046628      -5.2971563     -2.73657     -1.16944      -8.4492866      -5.2880141     -2.73657    -0.779628      -8.4499390      -5.2944117      3.20270    -0.779628      -8.3523450      -5.3073789      3.20270     -1.16944      -8.3517680      -5.3008451
     307A       7      0.00000     -0.58472067      -8.4052805      -5.3036167     -2.71950    -0.779628      -8.4496584      -5.2944490     -2.71950    -0.389814      -8.4503105      -5.3008470      3.28209    -0.389814      -8.3516163      -5.3140879      3.28209    -0.779628      -8.3510403      -5.3075522
     308A       8      0.00000     -0.19490689      -8.4058981      -5.3100771     -2.78302    -0.389814      -8.4513552      -5.3007069     -2.78302      0.00000      -8.4520081      -5.3071035      3.28662      0.00000      -8.3521176      -5.3206337      3.28662    -0.389814      -8.3515418      -5.3140979
     309A       9      0.00000      0.19490689      -8.4065157      -5.3165375     -2.84423  4.44089e-16      -8.4530154      -5.3069670     -2.84423     0.389814      -8.4536691      -5.3133622      3.06305     0.389814      -8.3563759      -5.3266659      3.06305  4.44089e-16      -8.3557972      -5.3201353
     310A      10      0.00000      0.58472067      -8.4071333      -5.3229979     -2.88458     0.389814      -8.4543337      -5.3132713     -2.88458     0.779628      -8.4549879      -5.3196656      3.02214     0.779628      -8.3576289      -5.3331035      3.02214     0.389814      -8.3570496      -5.3265738
     311A      11      0.00000      0.97453445      -8.4077509      -5.3294583     -2.86626     0.779628      -8.4546860      -5.3197073     -2.86626      1.16944      -8.4553400      -5.3261019      3.03870      1.16944      -8.3579349      -5.3396713      3.03870     0.779628      -8.3573559      -5.3331412
     312A      12      0.00000       1.3643482      -8.4083685      -5.3359187     -2.87401      1.16944      -8.4554679      -5.3260841     -2.87401      1.55926      -8.4561220      -5.3324786      3.15823      1.55926      -8.3565407      -5.3464788      3.15823      1.16944      -8.3559632      -5.3399459
     313A      13      0.00000       1.7541620      -8.4089861      -5.3423791     -2.84825      1.55926      -8.4556966      -5.3325384     -2.84825      1.94907      -8.4563503      -5.3389335      3.15412      1.94907      -8.3571862      -5.3530020      3.15412      1.55926      -8.3566086      -5.3464692
     314A      14      0.00000       2.1439758      -8.4096037      -5.3488395     -2.84889      1.94907      -8.4563610      -5.3389320     -2.84889      2.33888      -8.4570148      -5.3453270      3.17081      2.33888      -8.3574878      -5.3595742      3.17081      1.94907      -8.3569105      -5.3530411
     315A      15      0.00000       2.5337896      -8.4102213      -5.3552999     -2.90328      2.33888      -8.4579140      -5.3451983     -2.90328      2.72870      -8.4585684      -5.3515922      3.17502      2.72870      -8.3579954      -5.3661174      3.17502      2.33888      -8.3574181      -5.3595842
     316A      16      0.00000       2.9236033      -8.4108389      -5.3617603     -3.01230      2.72870      -8.4603724      -5.3513316     -3.01230      3.11851      -8.4610283      -5.3577229      2.96645      3.11851      -8.3620265      -5.3721474      2.96645      2.72870      -8.3614466      -5.3656189
