# SliceName SliceNum a_ref b_ref v2_ref v3_ref a_ll b_ll v2_ll v3_ll a_ul b_ul v2_ul v3_ul a_ur b_ur v2_ur v3_ur a_lr b_lr v2_lr v3_lr
1B   -1      0.00000      0.00000      -8.3942631      -5.3150796     -1.70141     -1.86064      -8.4177528      -5.2804866     -1.70141      1.86064      -8.4269216      -5.3414591      1.68529      1.86064      -8.3708110      -5.3499653      1.68529     -1.86064      -8.3620990      -5.2883297
     101B       1      0.00000      -1.7720418      -8.3900063      -5.2858865     -1.70797     -1.86064      -8.4178605      -5.2804714     -1.70797     -1.68344      -8.4182972      -5.2833748      1.69298     -1.68344      -8.3623874      -5.2912826      1.69298     -1.86064      -8.3619726      -5.2883475
     102B       2      0.00000      -1.5948376      -8.3904320      -5.2888058     -1.70662     -1.68344      -8.4182751      -5.2833779     -1.70662     -1.50624      -8.4187118      -5.2862813      1.70679     -1.50624      -8.3625750      -5.2942500      1.70679     -1.68344      -8.3621603      -5.2913148
     103B       3      0.00000      -1.4176334      -8.3908576      -5.2917251     -1.70141     -1.50624      -8.4186260      -5.2862935     -1.70141     -1.32903      -8.4190626      -5.2891969      1.70282     -1.32903      -8.3630551      -5.2971759      1.70282     -1.50624      -8.3626404      -5.2942407
     104B       4      0.00000      -1.2404292      -8.3912833      -5.2946444     -1.76343     -1.32903      -8.4200830      -5.2890516     -1.76343     -1.15183      -8.4205200      -5.2919544      1.70709     -1.15183      -8.3633995      -5.3001212      1.70709     -1.32903      -8.3629848      -5.2971859
     105B       5      0.00000      -1.0632251      -8.3917090      -5.2975637     -1.76858     -1.15183      -8.4206049      -5.2919423     -1.76858    -0.974623      -8.4210419      -5.2948451      1.68529    -0.974623      -8.3641733      -5.3030049      1.68529     -1.15183      -8.3637584      -5.3000698
     106B       6      0.00000     -0.88602088      -8.3921347      -5.3004831     -1.73683    -0.974623      -8.4205190      -5.2949202     -1.73683    -0.797419      -8.4209559      -5.2978233      1.70796    -0.797419      -8.3642148      -5.3059937      1.70796    -0.974623      -8.3638001      -5.3030584
     107B       7      0.00000     -0.70881671      -8.3925604      -5.3034024     -1.74400    -0.797419      -8.4210739      -5.2978063     -1.74400    -0.620215      -8.4215108      -5.3007093      1.71103    -0.620215      -8.3645788      -5.3089362      1.71103    -0.797419      -8.3641641      -5.3060010
     108B       8      0.00000     -0.53161253      -8.3929860      -5.3063217     -1.72411    -0.620215      -8.4211832      -5.3007567     -1.72411    -0.443010      -8.4216199      -5.3036599      1.71425    -0.443010      -8.3649404      -5.3118792      1.71425    -0.620215      -8.3645257      -5.3089439
     109B       9      0.00000     -0.35440835      -8.3934117      -5.3092410     -1.73585    -0.443010      -8.4218134      -5.3036319     -1.73585    -0.265806      -8.4222502      -5.3065350      1.71584    -0.265806      -8.3653288      -5.3148183      1.71584    -0.443010      -8.3649141      -5.3118830
     110B      10      0.00000     -0.17720418      -8.3938374      -5.3121603     -1.73255    -0.265806      -8.4221959      -5.3065429     -1.73255   -0.0886021      -8.4226327      -5.3094461      1.77290   -0.0886021      -8.3648022      -5.3178911      1.77290    -0.265806      -8.3643879      -5.3149552
     111B      11      0.00000   1.2490009e-16      -8.3942631      -5.3150796     -1.74761   -0.0886021      -8.4228811      -5.3094098     -1.74761    0.0886021      -8.4233180      -5.3123128      1.75291    0.0886021      -8.3655464      -5.3207786      1.75291   -0.0886021      -8.3651320      -5.3178429
     112B      12      0.00000      0.17720418      -8.3946888      -5.3179989     -1.75830    0.0886021      -8.4234945      -5.3122870     -1.75830     0.265806      -8.4239314      -5.3151899      1.71390     0.265806      -8.3666048      -5.3236195      1.71390    0.0886021      -8.3661902      -5.3206842
     113B      13      0.00000      0.35440835      -8.3951144      -5.3209183     -1.75841     0.265806      -8.4239333      -5.3151896     -1.75841     0.443010      -8.4243702      -5.3180925      1.72211     0.443010      -8.3668839      -5.3265748      1.72211     0.265806      -8.3664693      -5.3236395
     114B      14      0.00000      0.53161253      -8.3955401      -5.3238376     -1.74195     0.443010      -8.4240984      -5.3181326     -1.74195     0.620215      -8.4245353      -5.3210357      1.71107     0.620215      -8.3674810      -5.3294832      1.71107     0.443010      -8.3670663      -5.3265479
     115B      15      0.00000      0.70881671      -8.3959658      -5.3267569     -1.74219     0.620215      -8.4245392      -5.3210351     -1.74219     0.797419      -8.4249761      -5.3239382      1.74706     0.797419      -8.3673008      -5.3325068      1.74706     0.620215      -8.3668863      -5.3295712
     116B      16      0.00000      0.88602088      -8.3963915      -5.3296762     -1.73405     0.797419      -8.4248414      -5.3239582     -1.73405     0.974623      -8.4252782      -5.3268614      1.72626     0.974623      -8.3680592      -5.3353912      1.72626     0.797419      -8.3676447      -5.3324557
     117B      17      0.00000       1.0632251      -8.3968172      -5.3325955     -1.72133     0.974623      -8.4250680      -5.3268927     -1.72133      1.15183      -8.4255047      -5.3297960      1.75536      1.15183      -8.3679924      -5.3383986      1.75536     0.974623      -8.3675780      -5.3354629
     118B      18      0.00000       1.2404292      -8.3972429      -5.3355148     -1.72387      1.15183      -8.4255468      -5.3297897     -1.72387      1.32903      -8.4259835      -5.3326929      1.73075      1.32903      -8.3688140      -5.3412731      1.73075      1.15183      -8.3683995      -5.3383377
     119B      19      0.00000       1.4176334      -8.3976685      -5.3384341     -1.74091      1.32903      -8.4262655      -5.3326506     -1.74091      1.50624      -8.4267024      -5.3355537      1.74202      1.50624      -8.3690420      -5.3442367      1.74202      1.32903      -8.3686275      -5.3413011
     120B      20      0.00000       1.5948376      -8.3980942      -5.3413535     -1.71311      1.50624      -8.4262421      -5.3356230     -1.71311      1.68344      -8.4266788      -5.3385263      1.80035      1.68344      -8.3684905      -5.3473182      1.80035      1.50624      -8.3680764      -5.3443821
     121B      21      0.00000       1.7720418      -8.3985199      -5.3442728     -1.70854      1.68344      -8.4266030      -5.3385378     -1.70854      1.86064      -8.4270397      -5.3414412      1.78261      1.86064      -8.3691985      -5.3502097      1.78261      1.68344      -8.3687843      -5.3472738
