# SliceName SliceNum a_ref b_ref v2_ref v3_ref a_ll b_ll v2_ll v3_ll a_ul b_ul v2_ul v3_ul a_ur b_ur v2_ur v3_ur a_lr b_lr v2_lr v3_lr
4A   -1      0.00000      0.00000      -8.3854747      -5.3247977     -3.73031     -3.93623      -8.4336996      -5.2501774     -3.73031      3.93623      -8.4601112      -5.3814341      3.52430      3.93623      -8.3387636      -5.3966687      3.52430     -3.93623      -8.3161096      -5.2699172
     401A       1      0.00000      -3.6082091      -8.3742550      -5.2657001     -3.74625     -3.93623      -8.4339580      -5.2501341     -3.74625     -3.28019      -8.4361597      -5.2610730      3.72621     -3.28019      -8.3147159      -5.2810188      3.72621     -3.93623      -8.3128368      -5.2704666
     402A       2      0.00000      -2.9521711      -8.3762949      -5.2764451     -3.73031     -3.28019      -8.4359006      -5.2611155     -3.73031     -2.62415      -8.4381016      -5.2720536      3.67858     -2.62415      -8.3173712      -5.2914463      3.67858     -3.28019      -8.3154901      -5.2808916
     403A       3      0.00000      -2.2961331      -8.3783349      -5.2871901     -3.78237     -2.62415      -8.4389499      -5.2719173     -3.78237     -1.96811      -8.4411531      -5.2828580      3.67456     -1.96811      -8.3193180      -5.3019906      3.67456     -2.62415      -8.3174367      -5.2914358
     404A       4      0.00000      -1.6400951      -8.3803748      -5.2979351     -3.80354     -1.96811      -8.4414990      -5.2828037     -3.80354     -1.31208      -8.4437031      -5.2937456      3.61887     -1.31208      -8.3221116      -5.3124055      3.61887     -1.96811      -8.3202279      -5.3018477
     405A       5      0.00000     -0.98405704      -8.3824148      -5.3086802     -3.91922     -1.31208      -8.4455982      -5.2934547     -3.91922    -0.656038      -8.4478073      -5.3044026      3.55007    -0.656038      -8.3251255      -5.3227938      3.55007     -1.31208      -8.3232388      -5.3122325
     406A       6      0.00000     -0.32801901      -8.3844547      -5.3194252     -3.94482    -0.656038      -8.4482277      -5.3043396     -3.94482  1.99973e-12      -8.4504379      -5.3152887      3.67294  1.99973e-12      -8.3249888      -5.3336513      3.67294    -0.656038      -8.3231074      -5.3230963
     407A       7      0.00000      0.32801901      -8.3864947      -5.3301702     -3.95917  2.00018e-12      -8.4506743      -5.3152541     -3.95917     0.656038      -8.4528851      -5.3262040      3.69760     0.656038      -8.3264630      -5.3442644      3.69760  2.00018e-12      -8.3245826      -5.3337107
     408A       8      0.00000      0.98405704      -8.3885346      -5.3409152     -3.82905     0.656038      -8.4507367      -5.3265109     -3.82905      1.31208      -8.4529419      -5.3374541      3.64499      1.31208      -8.3292143      -5.3546967      3.64499     0.656038      -8.3273317      -5.3441403
     409A       9      0.00000       1.6400951      -8.3905746      -5.3516602     -3.89058      1.31208      -8.4539604      -5.3373122     -3.89058      1.96811      -8.4561683      -5.3482585      3.60769      1.96811      -8.3317160      -5.3651689      3.60769      1.31208      -8.3298317      -5.3546106
     410A      10      0.00000       2.2961331      -8.3926145      -5.3624052     -3.96221      1.96811      -8.4573573      -5.3480969     -3.96221      2.62415      -8.4595683      -5.3590470      3.52430      2.62415      -8.3349879      -5.3755435      3.52430      1.96811      -8.3331001      -5.3649808
     411A      11      0.00000       2.9521711      -8.3946545      -5.3731502     -3.95256      2.62415      -8.4594076      -5.3590683     -3.95256      3.28019      -8.4616182      -5.3700178      3.60465      3.28019      -8.3355352      -5.3862790      3.60465      2.62415      -8.3336509      -5.3757205
     412A      12      0.00000       3.6082091      -8.3966944      -5.3838952     -3.94261      3.28019      -8.4614522      -5.3700392     -3.94261      3.93623      -8.4636624      -5.3809883      3.62762      3.93623      -8.3370354      -5.3968857      3.62762      3.28019      -8.3351520      -5.3863284
