# SliceName SliceNum a_ref b_ref v2_ref v3_ref a_ll b_ll v2_ll v3_ll a_ul b_ul v2_ul v3_ul a_ur b_ur v2_ur v3_ur a_lr b_lr v2_lr v3_lr
1C   -1      0.00000      0.00000      -8.3935735      -5.3101305     -1.60588     -1.86062      -8.4154762      -5.2758351     -1.60588      1.86062      -8.4247595      -5.3367849      1.66750      1.86062      -8.3705000      -5.3449270      1.66750     -1.86062      -8.3615210      -5.2832683
     101C       1      0.00000      -1.7720219      -8.3892239      -5.2809412     -1.60588     -1.86062      -8.4154762      -5.2758351     -1.60588     -1.68342      -8.4159183      -5.2787375      1.71934     -1.68342      -8.3610939      -5.2863227      1.71934     -1.86062      -8.3606665      -5.2833860
     102C       2      0.00000      -1.5948197      -8.3896589      -5.2838601     -1.70709     -1.68342      -8.4175871      -5.2785066     -1.70709     -1.50622      -8.4180296      -5.2814079      1.72605     -1.50622      -8.3614106      -5.2892747      1.72605     -1.68342      -8.3609833      -5.2863380
     103C       3      0.00000      -1.4176175      -8.3900939      -5.2867791     -1.76710     -1.50622      -8.4190193      -5.2812704     -1.76710     -1.32902      -8.4194621      -5.2841711      1.67952     -1.32902      -8.3626054      -5.2921043      1.67952     -1.50622      -8.3621778      -5.2891681
     104C       4      0.00000      -1.2404153      -8.3905288      -5.2896980     -1.68976     -1.32902      -8.4181862      -5.2843491     -1.68976     -1.15181      -8.4186287      -5.2872506      1.66750     -1.15181      -8.3632313      -5.2950128      1.66750     -1.32902      -8.3628037      -5.2920767
     105C       5      0.00000      -1.0632131      -8.3909638      -5.2926169     -1.70895     -1.15181      -8.4189452      -5.2872063     -1.70895    -0.974612      -8.4193877      -5.2901076      1.67551    -0.974612      -8.3635267      -5.2979675      1.67551     -1.15181      -8.3630991      -5.2950313
     106C       6      0.00000     -0.88601094      -8.3913987      -5.2955359     -1.73852    -0.974612      -8.4198758      -5.2900389     -1.73852    -0.797410      -8.4203185      -5.2929399      1.68450    -0.797410      -8.3638058      -5.3009247      1.68450    -0.974612      -8.3633783      -5.2979884
     107C       7      0.00000     -0.70880875      -8.3918337      -5.2984548     -1.72499    -0.797410      -8.4200952      -5.2929715     -1.72499    -0.620208      -8.4205378      -5.2958726      1.68358    -0.620208      -8.3642485      -5.3038589      1.68358    -0.797410      -8.3638210      -5.3009226
     108C       8      0.00000     -0.53160656      -8.3922686      -5.3013737     -1.72284    -0.620208      -8.4205022      -5.2958776     -1.72284    -0.443005      -8.4209448      -5.2987788      1.70689    -0.443005      -8.3642908      -5.3068500      1.70689    -0.620208      -8.3638634      -5.3039135
     109C       9      0.00000     -0.35440438      -8.3927036      -5.3042927     -1.73331    -0.443005      -8.4211178      -5.2987542     -1.73331    -0.265803      -8.4215604      -5.3016552      1.69539    -0.265803      -8.3649083      -5.3097594      1.69539    -0.443005      -8.3644808      -5.3068230
     110C      10      0.00000     -0.17720219      -8.3931385      -5.3072116     -1.69239    -0.265803      -8.4208842      -5.3017520     -1.69239   -0.0886011      -8.4213266      -5.3046534      1.72060   -0.0886011      -8.3649191      -5.3127557      1.72060    -0.265803      -8.3644918      -5.3098190
     111C      11      0.00000   8.3266727e-17      -8.3935735      -5.3101305     -1.70012   -0.0886011      -8.4214544      -5.3046351     -1.70012    0.0886011      -8.4218968      -5.3075365      1.71892    0.0886011      -8.3653742      -5.3156883      1.71892   -0.0886011      -8.3649469      -5.3127517
     112C      12      0.00000      0.17720219      -8.3940084      -5.3130495     -1.74765    0.0886011      -8.4226827      -5.3074232     -1.74765     0.265803      -8.4231254      -5.3103241      1.70231     0.265803      -8.3660762      -5.3185852      1.70231    0.0886011      -8.3656488      -5.3156487
     113C      13      0.00000      0.35440438      -8.3944434      -5.3159684     -1.75814     0.265803      -8.4232989      -5.3102989     -1.75814     0.443005      -8.4237416      -5.3131997      1.71263     0.443005      -8.3663329      -5.3215465      1.71263     0.265803      -8.3659055      -5.3186099
     114C      14      0.00000      0.53160656      -8.3948783      -5.3188873     -1.74967     0.443005      -8.4236015      -5.3132201     -1.74967     0.620208      -8.4240442      -5.3161210      1.69703     0.620208      -8.3670184      -5.3244455      1.69703     0.443005      -8.3665909      -5.3215090
     115C      15      0.00000      0.70880875      -8.3953133      -5.3218063     -1.67102     0.620208      -8.4227429      -5.3163110     -1.67102     0.797410      -8.4231853      -5.3192127      1.72494     0.797410      -8.3669839      -5.3274496      1.72494     0.620208      -8.3665566      -5.3245129
     116C      16      0.00000      0.88601094      -8.3957482      -5.3247252     -1.70347     0.797410      -8.4237223      -5.3191340     -1.70347     0.974612      -8.4241648      -5.3220353      1.68650     0.974612      -8.3680476      -5.3302927      1.68650     0.797410      -8.3676201      -5.3273563
     117C      17      0.00000       1.0632131      -8.3961832      -5.3276441     -1.72043     0.974612      -8.4244455      -5.3219940     -1.72043      1.15181      -8.4248881      -5.3248952      1.71969      1.15181      -8.3679255      -5.3333102      1.71969     0.974612      -8.3674982      -5.3303735
     118C      18      0.00000       1.2404153      -8.3966181      -5.3305631     -1.70793      1.15181      -8.4246810      -5.3249258     -1.70793      1.32902      -8.4251235      -5.3278271      1.70802      1.32902      -8.3685462      -5.3362182      1.70802      1.15181      -8.3681188      -5.3332816
     119C      19      0.00000       1.4176175      -8.3970531      -5.3334820     -1.70907      1.32902      -8.4251424      -5.3278243     -1.70907      1.50622      -8.4255850      -5.3307256      1.70911      1.50622      -8.3689555      -5.3391574      1.70911      1.32902      -8.3685281      -5.3362209
     120C      20      0.00000       1.5948197      -8.3974881      -5.3364009     -1.71079      1.50622      -8.4256135      -5.3307214     -1.71079      1.68342      -8.4260560      -5.3336227      1.69557      1.68342      -8.3696072      -5.3420605      1.69557      1.50622      -8.3691798      -5.3391240
     121C      21      0.00000       1.7720219      -8.3979230      -5.3393199     -1.60766      1.68342      -8.4243470      -5.3338781     -1.60766      1.86062      -8.4247891      -5.3367805      1.74164      1.86062      -8.3692710      -5.3451115      1.74164      1.68342      -8.3688437      -5.3421746
