# SliceName SliceNum a_ref b_ref v2_ref v3_ref a_ll b_ll v2_ll v3_ll a_ul b_ul v2_ul v3_ul a_ur b_ur v2_ur v3_ur a_lr b_lr v2_lr v3_lr
1A   -1      0.00000      0.00000      -8.3942412      -5.3123744     -1.66947     -1.86071      -8.4172523      -5.2777380     -1.66947      1.86071      -8.4261423      -5.3388613      1.68568      1.86071      -8.3707350      -5.3474809      1.68568     -1.86071      -8.3623020      -5.2854964
     101A       1      0.00000      -1.7721014      -8.3901162      -5.2830640     -1.66947     -1.86071      -8.4172523      -5.2777380     -1.66947     -1.68350      -8.4176756      -5.2806486      1.73348     -1.68350      -8.3619203      -5.2885592      1.73348     -1.86071      -8.3615191      -5.2856069
     102A       2      0.00000      -1.5948913      -8.3905287      -5.2859950     -1.76006     -1.68350      -8.4191598      -5.2804381     -1.76006     -1.50629      -8.4195837      -5.2833476      1.74199     -1.50629      -8.3621821      -5.2915313      1.74199     -1.68350      -8.3617809      -5.2885790
     103A       3      0.00000      -1.4176812      -8.3909412      -5.2889261     -1.80307     -1.50629      -8.4202889      -5.2832471     -1.80307     -1.32908      -8.4207131      -5.2861561      1.69307     -1.32908      -8.3633856      -5.2943687      1.69307     -1.50629      -8.3629841      -5.2914169
     104A       4      0.00000      -1.2404710      -8.3913537      -5.2918571     -1.75661     -1.32908      -8.4199512      -5.2862652     -1.75661     -1.15187      -8.4203751      -5.2891748      1.68683     -1.15187      -8.3638894      -5.2973057      1.68683     -1.32908      -8.3634879      -5.2943540
     105A       5      0.00000      -1.0632609      -8.3917662      -5.2947881     -1.74661     -1.15187      -8.4202110      -5.2891984     -1.74661    -0.974656      -8.4206349      -5.2921081      1.68568    -0.974656      -8.3643099      -5.3002546      1.68568     -1.15187      -8.3639083      -5.2973030
     106A       6      0.00000     -0.88605072      -8.3921787      -5.2977192     -1.77077    -0.974656      -8.4210313      -5.2920507     -1.77077    -0.797446      -8.4214553      -5.2949601      1.69317    -0.797446      -8.3645885      -5.3032241      1.69317    -0.974656      -8.3641870      -5.3002724
     107A       7      0.00000     -0.70884058      -8.3925912      -5.3006502     -1.73840    -0.797446      -8.4209239      -5.2950374     -1.73840    -0.620236      -8.4213477      -5.2979472      1.69422    -0.620236      -8.3649728      -5.3061784      1.69422    -0.797446      -8.3645713      -5.3032266
     108A       8      0.00000     -0.53163043      -8.3930037      -5.3035813     -1.74303    -0.620236      -8.4214237      -5.2979361     -1.74303    -0.443025      -8.4218475      -5.3008458      1.73637    -0.443025      -8.3646818      -5.3092317      1.73637    -0.620236      -8.3642806      -5.3062794
     109A       9      0.00000     -0.35442029      -8.3934162      -5.3065123     -1.73723    -0.443025      -8.4217522      -5.3008598     -1.73723    -0.265815      -8.4221760      -5.3037696      1.72870    -0.265815      -8.3652091      -5.3121654      1.72870    -0.443025      -8.3648078      -5.3092132
     110A      10      0.00000     -0.17721014      -8.3938287      -5.3094433     -1.73827    -0.265815      -8.4221931      -5.3037671     -1.73827   -0.0886051      -8.4226169      -5.3066768      1.74775   -0.0886051      -8.3652971      -5.3151639      1.74775    -0.265815      -8.3648959      -5.3122115
     111A      11      0.00000   1.3877788e-16      -8.3942412      -5.3123744     -1.73210   -0.0886051      -8.4225155      -5.3066919     -1.73210    0.0886051      -8.4229392      -5.3096017      1.73996    0.0886051      -8.3658264      -5.3180973      1.73996   -0.0886051      -8.3654252      -5.3151450
     112A      12      0.00000      0.17721014      -8.3946537      -5.3153054     -1.78693    0.0886051      -8.4238410      -5.3094676     -1.78693     0.265815      -8.4242651      -5.3123768      1.70161     0.265815      -8.3668588      -5.3209553      1.70161    0.0886051      -8.3664573      -5.3180034
     113A      13      0.00000      0.35442029      -8.3950662      -5.3182364     -1.77243     0.265815      -8.4240266      -5.3124124     -1.77243     0.443025      -8.4244506      -5.3153218      1.73133     0.443025      -8.3667709      -5.3239806      1.73133     0.265815      -8.3663696      -5.3210284
     114A      14      0.00000      0.53163043      -8.3954787      -5.3211675     -1.75343     0.443025      -8.4241377      -5.3153688     -1.75343     0.620236      -8.4245616      -5.3182784      1.71169     0.620236      -8.3674957      -5.3268840      1.71169     0.443025      -8.3670943      -5.3239320
     115A      15      0.00000      0.70884058      -8.3958912      -5.3240985     -1.71236     0.620236      -8.4238853      -5.3183804     -1.71236     0.797446      -8.4243089      -5.3212905      1.74140     0.797446      -8.3674075      -5.3299101      1.74140     0.620236      -8.3670063      -5.3269578
     116A      16      0.00000      0.88605072      -8.3963037      -5.3270296     -1.74498     0.797446      -8.4248463      -5.3212091     -1.74498     0.974656      -8.4252701      -5.3241188      1.69594     0.974656      -8.3685580      -5.3327484      1.69594     0.797446      -8.3681565      -5.3297966
     117A      17      0.00000       1.0632609      -8.3967162      -5.3299606     -1.73897     0.974656      -8.4251711      -5.3241339     -1.73897      1.15187      -8.4255949      -5.3270436      1.72389      1.15187      -8.3684987      -5.3357706      1.72389     0.974656      -8.3680974      -5.3328185
     118A      18      0.00000       1.2404710      -8.3971287      -5.3328916     -1.72140      1.15187      -8.4253052      -5.3270879     -1.72140      1.32908      -8.4257289      -5.3299979      1.71853      1.32908      -8.3689885      -5.3387091      1.71853      1.15187      -8.3685872      -5.3357571
     119A      19      0.00000       1.4176812      -8.3975412      -5.3358227     -1.72493      1.32908      -8.4257872      -5.3299890     -1.72493      1.50629      -8.4262108      -5.3328989      1.75155      1.50629      -8.3688450      -5.3417452      1.75155      1.32908      -8.3684439      -5.3387927
     120A      20      0.00000       1.5948913      -8.3979537      -5.3387537     -1.73297      1.50629      -8.4263435      -5.3328785     -1.73297      1.68350      -8.4267672      -5.3357883      1.74043      1.68350      -8.3694296      -5.3446692      1.74043      1.50629      -8.3690284      -5.3417169
     121A      21      0.00000       1.7721014      -8.3983663      -5.3416848     -1.70573      1.68350      -8.4263176      -5.3358580     -1.70573      1.86071      -8.4267411      -5.3387682      1.75115      1.86071      -8.3696538      -5.3476491      1.75115      1.68350      -8.3692526      -5.3446966
