# SliceName SliceNum a_ref b_ref v2_ref v3_ref a_ll b_ll v2_ll v3_ll a_ul b_ul v2_ul v3_ul a_ur b_ur v2_ur v3_ur a_lr b_lr v2_lr v3_lr
3B   -1      0.00000      0.00000      -8.4007692      -5.3173547     -3.04943     -3.11851      -8.4453896      -5.2593624     -3.04943      3.11851      -8.4571554      -5.3616023      2.60798      3.11851      -8.3624097      -5.3755054      2.60798     -3.11851      -8.3527446      -5.2709591
     301B       1      0.00000      -2.9236033      -8.3957848      -5.2688470     -3.17728     -3.11851      -8.4474832      -5.2591003     -3.17728     -2.72870      -8.4482215      -5.2654870      2.92443     -2.72870      -8.3481592      -5.2781499      2.92443     -3.11851      -8.3475624      -5.2716077
     302B       2      0.00000      -2.5337896      -8.3964494      -5.2753147     -3.20257     -2.72870      -8.4486362      -5.2654346     -3.20257     -2.33888      -8.4493751      -5.2718207      2.85650     -2.33888      -8.3498715      -5.2845494      2.85650     -2.72870      -8.3492732      -5.2780090
     303B       3      0.00000      -2.1439758      -8.3971140      -5.2817824     -3.13910     -2.33888      -8.4483327      -5.2719540     -3.13910     -1.94907      -8.4490702      -5.2783417      2.79360     -1.94907      -8.3515042      -5.2909562      2.79360     -2.33888      -8.3509044      -5.2844173
     304B       4      0.00000      -1.7541620      -8.3977786      -5.2882501     -3.13357     -1.94907      -8.4489793      -5.2783535     -3.13357     -1.55926      -8.4497167      -5.2847413      2.82444     -1.55926      -8.3515960      -5.2975614      2.82444     -1.94907      -8.3509970      -5.2910217
     305B       5      0.00000      -1.3643482      -8.3984432      -5.2947178     -3.10740     -1.55926      -8.4492856      -5.2847976     -3.10740     -1.16944      -8.4500223      -5.2911862      2.88590     -1.16944      -8.3511815      -5.3042349      2.88590     -1.55926      -8.3505839      -5.2976936
     306B       6      0.00000     -0.97453445      -8.3991077      -5.3011855     -3.06690     -1.16944      -8.4493544      -5.2912743     -3.06690    -0.779628      -8.4500901      -5.2976639      2.82981    -0.779628      -8.3527054      -5.3106526      2.82981     -1.16944      -8.3521065      -5.3041128
     307B       7      0.00000     -0.58472067      -8.3997723      -5.3076532     -3.04943    -0.779628      -8.4498017      -5.2977023     -3.04943    -0.389814      -8.4505371      -5.3040923      2.91842    -0.389814      -8.3518390      -5.3173898      2.91842    -0.779628      -8.3512421      -5.3108477
     308B       8      0.00000     -0.19490689      -8.4004369      -5.3141209     -3.11251    -0.389814      -8.4515803      -5.3039518     -3.11251      0.00000      -8.4523171      -5.3103402      2.92570      0.00000      -8.3523153      -5.3239482      2.92570    -0.389814      -8.3517186      -5.3174060
     309B       9      0.00000      0.19490689      -8.4011015      -5.3205886     -3.14458  4.44089e-16      -8.4528482      -5.3102679     -3.14458     0.389814      -8.4535858      -5.3166555      2.73130     0.389814      -8.3561360      -5.3300474      2.73130  4.44089e-16      -8.3555348      -5.3235101
     310B      10      0.00000      0.58472067      -8.4017661      -5.3270563     -3.18169     0.389814      -8.4542012      -5.3165709     -3.18169     0.779628      -8.4549397      -5.3229575      2.68406     0.779628      -8.3575217      -5.3364759      2.68406     0.389814      -8.3569194      -5.3299398
     311B      11      0.00000      0.97453445      -8.4024307      -5.3335240     -3.15268     0.779628      -8.4544578      -5.3230244     -3.15268      1.16944      -8.4551956      -5.3294118      2.70160      1.16944      -8.3578324      -5.3430528      2.70160     0.779628      -8.3572305      -5.3365163
     312B      12      0.00000       1.3643482      -8.4030953      -5.3399917     -3.16983      1.16944      -8.4554809      -5.3293718     -3.16983      1.55926      -8.4562191      -5.3357587      2.82039      1.55926      -8.3564558      -5.3498692      2.82039      1.16944      -8.3558566      -5.3433296
     313B      13      0.00000       1.7541620      -8.4037599      -5.3464594     -3.15547      1.55926      -8.4559799      -5.3357926     -3.15547      1.94907      -8.4567177      -5.3421798      2.81860      1.94907      -8.3570849      -5.3564044      2.81860      1.55926      -8.3564858      -5.3498649
     314B      14      0.00000       2.1439758      -8.4044245      -5.3529270     -3.14918      1.94907      -8.4566128      -5.3421948     -3.14918      2.33888      -8.4573505      -5.3485823      2.82892      2.33888      -8.3575117      -5.3629688      2.82892      1.94907      -8.3569127      -5.3564290
     315B      15      0.00000       2.5337896      -8.4050891      -5.3593947     -3.21221      2.33888      -8.4584031      -5.3484306     -3.21221      2.72870      -8.4591422      -5.3548165      2.83135      2.72870      -8.3580700      -5.3695145      2.83135      2.33888      -8.3574711      -5.3629746
     316B      16      0.00000       2.9236033      -8.4057537      -5.3658624     -3.29402      2.72870      -8.4605105      -5.3546175     -3.29402      3.11851      -8.4612515      -5.3610012      2.60798      3.11851      -8.3624097      -5.3755054      2.60798      2.72870      -8.3618056      -5.3689712
