# SliceName SliceNum a_ref b_ref v2_ref v3_ref a_ll b_ll v2_ll v3_ll a_ul b_ul v2_ul v3_ul a_ur b_ur v2_ur v3_ur a_lr b_lr v2_lr v3_lr
2A   -1      0.00000      0.00000      -8.3939349      -5.3181909     -2.09879     -2.37760      -8.4219867      -5.2739657     -2.09879      2.37760      -8.4349943      -5.3526144      2.10450      2.37760      -8.3653419      -5.3620771      2.10450     -2.37760      -8.3532285      -5.2841332
     201A       1      0.00000      -2.2377455      -8.3880238      -5.2813454     -2.11250     -2.37760      -8.4222110      -5.2739326     -2.11250     -2.09789      -8.4229764      -5.2785591      2.10676     -2.09789      -8.3539041      -5.2887236      2.10676     -2.37760      -8.3531915      -5.2841387
     202A       2      0.00000      -1.9580273      -8.3887627      -5.2859511     -2.19437     -2.09789      -8.4243167      -5.2783619     -2.19437     -1.81817      -8.4250830      -5.2829892      2.17059     -1.81817      -8.3535708      -5.2934617      2.17059     -2.09789      -8.3528591      -5.2888774
     203A       3      0.00000      -1.6783091      -8.3895016      -5.2905568     -2.16486     -1.81817      -8.4245995      -5.2830600     -2.16486     -1.53845      -8.4253655      -5.2876871      2.19420     -1.53845      -8.3538955      -5.2981023      2.19420     -1.81817      -8.3531840      -5.2935183
     204A       4      0.00000      -1.3985909      -8.3902404      -5.2951625     -2.17920     -1.53845      -8.4256006      -5.2876528     -2.17920     -1.25873      -8.4263667      -5.2922800      2.18979     -1.25873      -8.3546793      -5.3026759      2.18979     -1.53845      -8.3539678      -5.2980918
     205A       5      0.00000      -1.1188727      -8.3909793      -5.2997682     -2.14544     -1.25873      -8.4258129      -5.2923603     -2.14544    -0.979014      -8.4265786      -5.2969872      2.19204    -0.979014      -8.3553538      -5.3072653      2.19204     -1.25873      -8.3546423      -5.3026813
     206A       6      0.00000     -0.83915456      -8.3917182      -5.3043739     -2.14137    -0.979014      -8.4265118      -5.2969968     -2.14137    -0.699295      -8.4272774      -5.3016236      2.16680    -0.699295      -8.3564800      -5.3117898      2.16680    -0.979014      -8.3557682      -5.3072055
     207A       7      0.00000     -0.55943637      -8.3924571      -5.3089796     -2.15980    -0.699295      -8.4275803      -5.3015801     -2.15980    -0.419577      -8.4283463      -5.3062071      2.12796    -0.419577      -8.3578305      -5.3162829      2.12796    -0.699295      -8.3571182      -5.3116982
     208A       8      0.00000     -0.27971819      -8.3931960      -5.3135853     -2.12902    -0.419577      -8.4278400      -5.3062795     -2.12902    -0.139859      -8.4286055      -5.3109062      2.12017    -0.139859      -8.3586711      -5.3208493      2.12017    -0.419577      -8.3579587      -5.3162646
     209A       9      0.00000   4.0001058e-12      -8.3939349      -5.3181909     -2.09879    -0.139859      -8.4281079      -5.3109769     -2.09879     0.139859      -8.4288731      -5.3156033      2.15235     0.139859      -8.3588533      -5.3255091      2.15235    -0.139859      -8.3581413      -5.3209247
     210A      10      0.00000      0.27971819      -8.3946738      -5.3227966     -2.18423     0.139859      -8.4302804      -5.3154042     -2.18423     0.419577      -8.4310467      -5.3200314      2.17278     0.419577      -8.3592285      -5.3301410      2.17278     0.139859      -8.3585168      -5.3255567
     211A      11      0.00000      0.55943637      -8.3954127      -5.3274023     -2.18676     0.419577      -8.4310883      -5.3200256     -2.18676     0.699295      -8.4318546      -5.3246528      2.20640     0.699295      -8.3593857      -5.3348029      2.20640     0.419577      -8.3586744      -5.3302190
     212A      12      0.00000      0.83915456      -8.3961516      -5.3320080     -2.17492     0.699295      -8.4316593      -5.3246802     -2.17492     0.979014      -8.4324254      -5.3293073      2.23510     0.979014      -8.3596232      -5.3394528      2.23510     0.699295      -8.3589123      -5.3348692
     213A      13      0.00000       1.1188727      -8.3968904      -5.3366137     -2.18534     0.979014      -8.4325974      -5.3292834     -2.18534      1.25873      -8.4333636      -5.3339106      2.21796      1.25873      -8.3606171      -5.3439972      2.21796     0.979014      -8.3599060      -5.3394134
     214A      14      0.00000       1.3985909      -8.3976293      -5.3412194     -2.15839      1.25873      -8.4329184      -5.3339723     -2.15839      1.53845      -8.4336843      -5.3385993      2.18996      1.53845      -8.3617912      -5.3485172      2.18996      1.25873      -8.3610797      -5.3439331
     215A      15      0.00000       1.6783091      -8.3983682      -5.3458251     -2.14446      1.53845      -8.4334540      -5.3386311     -2.14446      1.81817      -8.4342198      -5.3432579      2.17107      1.81817      -8.3628153      -5.3530584      2.17107      1.53845      -8.3621036      -5.3484741
     216A      16      0.00000       1.9580273      -8.3991071      -5.3504308     -2.17462      1.81817      -8.4347188      -5.3431894     -2.17462      2.09789      -8.4354849      -5.3478166      2.13812      2.09789      -8.3640727      -5.3575681      2.13812      1.81817      -8.3633605      -5.3529835
     217A      17      0.00000       2.2377455      -8.3998460      -5.3550365     -2.17239      2.09789      -8.4354479      -5.3478216     -2.17239      2.37760      -8.4362140      -5.3524487      2.10450      2.37760      -8.3653419      -5.3620771      2.10450      2.09789      -8.3646294      -5.3574921
