# SliceName SliceNum a_ref b_ref v2_ref v3_ref a_ll b_ll v2_ll v3_ll a_ul b_ul v2_ul v3_ul a_ur b_ur v2_ur v3_ur a_lr b_lr v2_lr v3_lr
4C   -1      0.00000      0.00000      -8.3870479      -5.3222032     -3.54120     -3.93620      -8.4328001      -5.2483078     -3.54120      3.93620      -8.4579158      -5.3784926      3.60714      3.93620      -8.3395863      -5.3944710      3.60714     -3.93620      -8.3157181      -5.2678692
     401C       1      0.00000      -3.6081875      -8.3758198      -5.2633487     -3.61682     -3.93620      -8.4340387      -5.2481009     -3.61682     -3.28017      -8.4361328      -5.2589528      3.69712     -3.28017      -8.3162320      -5.2786619      3.69712     -3.93620      -8.3142443      -5.2681155
     402C       2      0.00000      -2.9521534      -8.3778613      -5.2740495     -3.55921     -3.28017      -8.4351883      -5.2591080     -3.55921     -2.62414      -8.4372816      -5.2699575      3.69037     -2.62414      -8.3183305      -5.2891903      3.69037     -3.28017      -8.3163427      -5.2786436
     403C       3      0.00000      -2.2961193      -8.3799028      -5.2847504     -3.54120     -2.62414      -8.4369860      -5.2700053     -3.54120     -1.96810      -8.4390790      -5.2808540      3.69919     -1.96810      -8.3201734      -5.2997600      3.69919     -2.62414      -8.3181857      -5.2892137
     404C       4      0.00000      -1.6400852      -8.3819443      -5.2954512     -3.61865     -1.96810      -8.4403510      -5.2806518     -3.61865     -1.31207      -8.4424451      -5.2915038      3.67459     -1.31207      -8.3225654      -5.3102431      3.67459     -1.96810      -8.3205774      -5.2996958
     405C       5      0.00000     -0.98405114      -8.3839857      -5.3061520     -3.69406     -1.31207      -8.4436845      -5.2913100     -3.69406    -0.656034      -8.4457797      -5.3021651      3.61737    -0.656034      -8.3254949      -5.3206458      3.61737     -1.31207      -8.3235060      -5.3100961
     406C       6      0.00000     -0.32801705      -8.3860272      -5.3168528     -3.74677    -0.656034      -8.4466468      -5.3020319     -3.74677  1.49991e-12      -8.4487428      -5.3128892      3.72556  1.49991e-12      -8.3257022      -5.3314645      3.72556    -0.656034      -8.3237149      -5.3209193
     407C       7      0.00000      0.32801705      -8.3880687      -5.3275536     -3.78365  1.50013e-12      -8.4493501      -5.3127975     -3.78365     0.656034      -8.4514466      -5.3236564      3.69981     0.656034      -8.3281139      -5.3419468      3.69981  1.50013e-12      -8.3261263      -5.3314005
     408C       8      0.00000      0.98405114      -8.3901102      -5.3382544     -3.65795     0.656034      -8.4493750      -5.3239636     -3.65795      1.31207      -8.4514697      -5.3348172      3.69010      1.31207      -8.3302617      -5.3524697      3.69010     0.656034      -8.3282739      -5.3419230
     409C       9      0.00000       1.6400852      -8.3921516      -5.3489553     -3.68022      1.31207      -8.4518370      -5.3347637     -3.68022      1.96810      -8.4539320      -5.3456183      3.65251      1.96810      -8.3328702      -5.3629277      3.65251      1.31207      -8.3308818      -5.3523794
     410C      10      0.00000       2.2961193      -8.3941931      -5.3596561     -3.70970      1.96810      -8.4544187      -5.3455487     -3.70970      2.62414      -8.4565141      -5.3564044      3.60714      2.62414      -8.3356083      -5.3733707      3.60714      1.96810      -8.3336193      -5.3628206
     411C      11      0.00000       2.9521534      -8.3962346      -5.3703569     -3.73492      2.62414      -8.4569310      -5.3563459     -3.73492      3.28017      -8.4590268      -5.3672028      3.63928      3.28017      -8.3370657      -5.3839940      3.63928      2.62414      -8.3350772      -5.3734452
     412C      12      0.00000       3.6081875      -8.3982761      -5.3810577     -3.66259      3.28017      -8.4578304      -5.3673675     -3.66259      3.93620      -8.4599251      -5.3782213      3.69888      3.93620      -8.3380677      -5.3946761      3.69888      3.28017      -8.3360800      -5.3841298
