# SliceName SliceNum a_ref b_ref v2_ref v3_ref a_ll b_ll v2_ll v3_ll a_ul b_ul v2_ul v3_ul a_ur b_ur v2_ur v3_ur a_lr b_lr v2_lr v3_lr
3C   -1      0.00000      0.00000      -8.4023865      -5.3169617     -2.84331     -3.11851      -8.4437061      -5.2594097     -2.84331      3.11851      -8.4550370      -5.3615642      2.73162      3.11851      -8.3622739      -5.3753920      2.73162     -3.11851      -8.3522203      -5.2709723
     301C       1      0.00000      -2.9236033      -8.3973805      -5.2685353     -2.94573     -3.11851      -8.4453869      -5.2591973     -2.94573     -2.72870      -8.4460965      -5.2655794      3.09057     -2.72870      -8.3469531      -5.2782521      3.09057     -3.11851      -8.3463299      -5.2717168
     302C       2      0.00000      -2.5337896      -8.3980480      -5.2749921     -2.95935     -2.72870      -8.4463203      -5.2655508     -2.95935     -2.33888      -8.4470301      -5.2719325      3.00329     -2.33888      -8.3490112      -5.2846020      3.00329     -2.72870      -8.3483867      -5.2780689
     303C       3      0.00000      -2.1439758      -8.3987155      -5.2814490     -2.93117     -2.33888      -8.4465668      -5.2719924     -2.93117     -1.94907      -8.4472762      -5.2783748      2.92915     -1.94907      -8.3508554      -5.2909757      2.92915     -2.33888      -8.3502299      -5.2844445
     304C       4      0.00000      -1.7541620      -8.3993829      -5.2879059     -2.92025     -1.94907      -8.4470965      -5.2783983     -2.92025     -1.55926      -8.4478058      -5.2847810      3.00669     -1.55926      -8.3502041      -5.2976757      3.00669     -1.94907      -8.3495797      -5.2911425
     305C       5      0.00000      -1.3643482      -8.4000504      -5.2943627     -2.89700     -1.55926      -8.4474230      -5.2848315     -2.89700     -1.16944      -8.4481319      -5.2912148      3.05028     -1.16944      -8.3501100      -5.3043048      3.05028     -1.55926      -8.3494862      -5.2977705
     306C       6      0.00000     -0.97453445      -8.4007179      -5.3008196     -2.87360     -1.16944      -8.4477462      -5.2912664     -2.87360    -0.779628      -8.4484548      -5.2976502      3.00120    -0.779628      -8.3515434      -5.3107299      3.00120     -1.16944      -8.3509189      -5.3041968
     307C       7      0.00000     -0.58472067      -8.4013853      -5.3072764     -2.84331    -0.779628      -8.4479552      -5.2977177     -2.84331    -0.389814      -8.4486634      -5.3041023      3.08479    -0.389814      -8.3507879      -5.3174512      3.08479    -0.779628      -8.3501646      -5.3109160
     308C       8      0.00000     -0.19490689      -8.4020528      -5.3137333     -2.91376    -0.389814      -8.4498266      -5.3039437     -2.91376      0.00000      -8.4505358      -5.3103265      3.08801      0.00000      -8.3513579      -5.3239937      3.08801    -0.389814      -8.3507347      -5.3174584
     309C       9      0.00000      0.19490689      -8.4027203      -5.3201902     -2.92016  4.44089e-16      -8.4506416      -5.3103120     -2.92016     0.389814      -8.4513508      -5.3166947      2.89097     0.389814      -8.3552400      -5.3300753      2.89097  4.44089e-16      -8.3546139      -5.3235450
     310C      10      0.00000      0.58472067      -8.4033877      -5.3266470     -2.97257     0.389814      -8.4522176      -5.3165740     -2.97257     0.779628      -8.4529276      -5.3229554      2.83637     0.779628      -8.3567699      -5.3364785      2.83637     0.389814      -8.3561430      -5.3299496
     311C      11      0.00000      0.97453445      -8.4040552      -5.3331039     -2.95890     0.779628      -8.4527014      -5.3229872     -2.95890      1.16944      -8.4534113      -5.3293689      2.85830      1.16944      -8.3570334      -5.3430590      2.85830     0.779628      -8.3564069      -5.3365295
     312C      12      0.00000       1.3643482      -8.4047227      -5.3395607     -2.97133      1.16944      -8.4536172      -5.3293397     -2.97133      1.55926      -8.4543272      -5.3357211      2.96583      1.55926      -8.3558769      -5.3498442      2.96583      1.16944      -8.3552519      -5.3433120
     313C      13      0.00000       1.7541620      -8.4053902      -5.3460176     -2.95374      1.55926      -8.4540354      -5.3357629     -2.95374      1.94907      -8.4547452      -5.3421448      2.98575      1.94907      -8.3561713      -5.3564243      2.98575      1.55926      -8.3555466      -5.3498916
     314C      14      0.00000       2.1439758      -8.4060576      -5.3524745     -2.94606      1.94907      -8.4546177      -5.3421632     -2.94606      2.33888      -8.4553274      -5.3485453      3.00207      2.33888      -8.3565249      -5.3629966      3.00207      1.94907      -8.3559004      -5.3564635
     315C      15      0.00000       2.5337896      -8.4067251      -5.3589313     -3.00031      2.33888      -8.4562286      -5.3484135     -3.00031      2.72870      -8.4569390      -5.3547941      2.97310      2.72870      -8.3576310      -5.3694586      2.97310      2.33888      -8.3570061      -5.3629262
     316C      16      0.00000       2.9236033      -8.4073926      -5.3653882     -3.07810      2.72870      -8.4582323      -5.3546032     -3.07810      3.11851      -8.4589438      -5.3609819      2.73162      3.11851      -8.3622739      -5.3753920      2.73162      2.72870      -8.3616456      -5.3688658
