# SliceName SliceNum a_ref b_ref v2_ref v3_ref a_ll b_ll v2_ll v3_ll a_ul b_ul v2_ul v3_ul a_ur b_ur v2_ur v3_ur a_lr b_lr v2_lr v3_lr
4B   -1      0.00000      0.00000      -8.3868908      -5.3235253     -3.58959     -3.93623      -8.4323071      -5.2494247     -3.58959      3.93623      -8.4602285      -5.3806384      3.61314      3.93623      -8.3391931      -5.3954286      3.61314     -3.93623      -8.3150550      -5.2687208
     401B       1      0.00000      -3.6082146      -8.3749576      -5.2644149     -3.64817     -3.93623      -8.4332608      -5.2492677     -3.64817     -3.28019      -8.4355901      -5.2602053      3.73313     -3.28019      -8.3151081      -5.2795950      3.73313     -3.93623      -8.3131018      -5.2690423
     402B       2      0.00000      -2.9521755      -8.3771273      -5.2751622     -3.58959     -3.28019      -8.4346339      -5.2603592     -3.58959     -2.62416      -8.4369607      -5.2712936      3.71779     -2.62416      -8.3173653      -5.2901082      3.71779     -3.28019      -8.3153584      -5.2795547
     403B       3      0.00000      -2.2961365      -8.3792969      -5.2859096     -3.61857     -2.62416      -8.4374350      -5.2712190     -3.61857     -1.96812      -8.4397631      -5.2821550      3.70781     -1.96812      -8.3195360      -5.3006366      3.70781     -2.62416      -8.3175286      -5.2900825
     404B       4      0.00000      -1.6400975      -8.3814666      -5.2966569     -3.74405     -1.96812      -8.4418221      -5.2818385     -3.74405     -1.31208      -8.4441557      -5.2927810      3.61314     -1.31208      -8.3231010      -5.3109567      3.61314     -1.96812      -8.3210895      -5.3003978
     405B       5      0.00000     -0.98405852      -8.3836363      -5.3074042     -3.74484     -1.31208      -8.4441688      -5.2927790     -3.74484    -0.656039      -8.4465023      -5.3037216      3.66446    -0.656039      -8.3242660      -5.3216398      3.66446     -1.31208      -8.3222567      -5.3110835
     406B       6      0.00000     -0.32801951      -8.3858059      -5.3181516     -3.77659    -0.656039      -8.4470261      -5.3036448     -3.77659  4.99711e-13      -8.4493610      -5.3145891      3.73338  4.99711e-13      -8.3251352      -5.3323592      3.73338    -0.656039      -8.3231290      -5.3218065
     407B       7      0.00000      0.32801951      -8.3879756      -5.3288989     -3.78119  4.99600e-13      -8.4494372      -5.3145782     -3.78119     0.656039      -8.4517723      -5.3255226      3.76219     0.656039      -8.3266635      -5.3429786      3.76219  4.99600e-13      -8.3246585      -5.3324274
     408B       8      0.00000      0.98405852      -8.3901452      -5.3396463     -3.70710     0.656039      -8.4505436      -5.3256941     -3.70710      1.31208      -8.4528755      -5.3366347      3.70793      1.31208      -8.3295709      -5.3534071      3.70793     0.656039      -8.3275635      -5.3428530
     409B       9      0.00000       1.6400975      -8.3923149      -5.3503936     -3.73088      1.31208      -8.4532709      -5.3365809     -3.73088      1.96812      -8.4556039      -5.3475228      3.71000      1.96812      -8.3315437      -5.3639657      3.71000      1.31208      -8.3295364      -5.3534117
     410B      10      0.00000       2.2961365      -8.3944846      -5.3611410     -3.73478      1.96812      -8.4556689      -5.3475141     -3.73478      2.62416      -8.4580021      -5.3584562      3.65588      2.62416      -8.3344557      -5.3744028      3.65588      1.96812      -8.3324460      -5.3638461
     411B      11      0.00000       2.9521755      -8.3966542      -5.3718883     -3.74942      2.62416      -8.4582468      -5.3584246     -3.74942      3.28019      -8.4605806      -5.3693674      3.70253      3.28019      -8.3356834      -5.3850578      3.70253      2.62416      -8.3336758      -5.3745035
     412B      12      0.00000       3.6082146      -8.3988239      -5.3826356     -3.73558      3.28019      -8.4603487      -5.3693965     -3.73558      3.93623      -8.4626819      -5.3803386      3.74096      3.93623      -8.3370453      -5.3956910      3.74096      3.28019      -8.3350394      -5.3851387
